onset	duration	nwb_table	is_vis	is_ruleA	is_switch	is_cueB	is_choL	is_correct	association_mat	rule_belief	signed_bias	rule_following	bias_following	prob_actual_cho	trial_onset_plane_frame_idx	trial_offset_plane_frame_idx	epoch_type	trial_id
24.99	8.013749999999998	epochs															maze	0.0
24.99	5.844750000000001	epochs															maze_stem	0.0
25.02175	13.23875	trials	False	True	False	True	True	True	[0.530445396900177, 0.469554603099823, 0.5567479133605957, 0.4432520568370819]	-0.026302531361579895	-0.0871933251619339	-0.013151273131370544	-0.043596670031547546	0.4432520568370819	[81, 81, 81, 80, 80]	[128, 128, 128, 128, 127]		
30.85425	2.149499999999996	epochs															maze_arm	0.0
33.01975	5.2109999999999985	epochs															feedback_and_iti	0.0
33.01975	0.984499999999997	epochs															feedback_delay	0.0
34.02	1.9884999999999948	epochs															feedback	0.0
36.2645	1.9662500000000023	epochs															iti	0.0
38.2605	9.751750000000001	epochs															maze	1.0
38.2605	7.575499999999998	epochs															maze_stem	1.0
38.291	16.785250000000005	trials	False	True	False	False	True	False	[0.46706512570381165, 0.532934844493866, 0.35767245292663574, 0.6423275470733643]	0.1093926876783371	0.17526240646839142	-0.054696351289749146	0.08763119578361511	0.532934844493866	[161, 160, 160, 160, 160]	[218, 218, 218, 218, 217]		
45.86	2.152250000000002	epochs															maze_arm	1.0
48.02975	7.0219999999999985	epochs															feedback_and_iti	1.0
48.02975	0.9849999999999994	epochs															feedback_delay	1.0
49.03175	1.9877499999999984	epochs															feedback	1.0
51.05825	3.9934999999999974	epochs															iti	1.0
55.07625	6.292249999999996	epochs															maze	2.0
55.07625	3.9497500000000016	epochs															maze_stem	2.0
55.10275	11.537999999999997	trials	False	True	False	True	True	True	[0.4201163351535797, 0.5798836350440979, 0.2954987585544586, 0.7045012712478638]	0.12461760640144348	0.28438490629196167	0.062308818101882935	0.14219245314598083	0.7045012712478638	[261, 261, 261, 261, 261]	[298, 298, 298, 298, 297]		
59.0505	2.317999999999998	epochs															maze_arm	2.0
61.3975	5.217750000000002	epochs															feedback_and_iti	2.0
61.3975	0.9924999999999997	epochs															feedback_delay	2.0
62.40975	1.9694999999999965	epochs															feedback	2.0
64.6395	1.975750000000005	epochs															iti	2.0
66.64075	9.679500000000004	epochs															maze	3.0
66.64075	7.20150000000001	epochs															maze_stem	3.0
66.67125	14.887249999999995	trials	False	True	False	True	True	True	[0.42285436391830444, 0.5771455764770508, 0.2016115039587021, 0.7983884811401367]	0.22124288231134415	0.3755340948700905	0.11062145233154297	0.18776702880859375	0.7983884811401367	[331, 331, 330, 330, 330]	[388, 388, 388, 387, 387]		
73.8615	2.458749999999995	epochs															maze_arm	3.0
76.34225	5.195999999999998	epochs															feedback_and_iti	3.0
76.34225	0.9814999999999969	epochs															feedback_delay	3.0
77.3455	1.9934999999999974	epochs															feedback	3.0
79.566	1.9722500000000025	epochs															iti	3.0
81.5585	9.645750000000007	epochs															maze	4.0
81.5585	5.731999999999999	epochs															maze_stem	4.0
81.5785	14.831249999999997	trials	False	True	False	True	True	True	[0.41827690601348877, 0.5817230939865112, 0.17728525400161743, 0.8227146863937378]	0.24099162220954895	0.4044378101825714	0.12049579620361328	0.2022188901901245	0.8227146863937378	[420, 420, 420, 420, 419]	[477, 477, 477, 477, 476]		
87.3125	3.891750000000002	epochs															maze_arm	4.0
91.222	5.167750000000012	epochs															feedback_and_iti	4.0
91.222	0.9837500000000006	epochs															feedback_delay	4.0
92.23225	1.9727500000000049	epochs															feedback	4.0
94.4365	1.9532500000000113	epochs															iti	4.0
96.40975	7.936999999999998	epochs															maze	5.0
96.40975	5.20975	epochs															maze_stem	5.0
96.42925	14.95975	trials	False	True	False	False	True	False	[0.41132834553718567, 0.5886716246604919, 0.16386254131793976, 0.8361374139785767]	0.2474657967686653	0.4248090758919716	-0.12373289465904236	0.2124045193195343	0.5886716246604919	[509, 509, 509, 509, 509]	[556, 556, 556, 555, 555]		
101.63925	2.707499999999996	epochs															maze_arm	5.0
104.362	7.005500000000012	epochs															feedback_and_iti	5.0
104.362	0.9882500000000078	epochs															feedback_delay	5.0
105.36775	1.9719999999999942	epochs															feedback	5.0
107.39	3.9775000000000063	epochs															iti	5.0
111.389	5.680999999999997	epochs															maze	6.0
111.389	3.977000000000004	epochs															maze_stem	6.0
111.41025	10.904499999999999	trials	False	True	False	True	True	True	[0.3874439299106598, 0.6125560998916626, 0.20667535066604614, 0.7933245897293091]	0.18076853454113007	0.4058807045221329	0.09038424491882324	0.20294034481048584	0.7933245897293091	[599, 599, 599, 599, 598]	[632, 632, 632, 632, 631]		
115.38775	1.6822499999999962	epochs															maze_arm	6.0
117.09225	5.201999999999998	epochs															feedback_and_iti	6.0
117.09225	0.9892499999999984	epochs															feedback_delay	6.0
118.10075	1.9747500000000002	epochs															feedback	6.0
120.319	1.9752500000000026	epochs															iti	6.0
122.31475	7.0364999999999895	epochs															maze	7.0
122.31475	4.750500000000002	epochs															maze_stem	7.0
122.33425	14.100750000000005	trials	True	True	False	False	True	False	[0.41023144125938416, 0.5897685289382935, 0.15051059424877167, 0.8494894504547119]	0.2597208842635155	0.4392579719424248	-0.12986046075820923	0.21962898969650269	0.5897685289382935	[665, 664, 664, 664, 664]	[706, 706, 705, 705, 705]		
127.086	2.2652499999999947	epochs															maze_arm	7.0
129.36975	7.033500000000004	epochs															feedback_and_iti	7.0
129.36975	0.9889999999999759	epochs															feedback_delay	7.0
130.38175	1.9852499999999793	epochs															feedback	7.0
132.40575	3.9975000000000023	epochs															iti	7.0
136.435	6.856999999999999	epochs															maze	8.0
136.435	4.183249999999987	epochs															maze_stem	8.0
136.457	13.90225000000001	trials	False	True	False	False	True	False	[0.3811982572078705, 0.6188017725944519, 0.17564904689788818, 0.824350893497467]	0.20554916560649872	0.44315268099308014	-0.10277456045150757	0.22157633304595947	0.6188017725944519	[749, 749, 749, 749, 748]	[789, 789, 789, 789, 789]		
140.64275	2.649249999999995	epochs															maze_arm	8.0
143.31575	7.022999999999996	epochs															feedback_and_iti	8.0
143.31575	0.9812499999999886	epochs															feedback_delay	8.0
144.314	1.9920000000000186	epochs															feedback	8.0
146.3405	3.998250000000013	epochs															iti	8.0
150.35925	6.601249999999993	epochs															maze	9.0
150.35925	4.6457499999999925	epochs															maze_stem	9.0
150.38025	11.798750000000013	trials	False	True	False	True	True	True	[0.3455907702445984, 0.6544092297554016, 0.2132977694272995, 0.7867022156715393]	0.1322929933667183	0.4411114528775215	0.06614649295806885	0.22055572271347046	0.7867022156715393	[833, 833, 832, 832, 832]	[871, 871, 871, 871, 871]		
155.02425	1.9362500000000011	epochs															maze_arm	9.0
156.976	5.183249999999987	epochs															feedback_and_iti	9.0
156.976	0.9987500000000011	epochs															feedback_delay	9.0
157.994	1.9815000000000111	epochs															feedback	9.0
160.1835	1.9757499999999766	epochs															iti	9.0
162.179	9.818999999999988	epochs															maze	10.0
162.179	6.9669999999999845	epochs															maze_stem	10.0
162.203	15.005499999999984	trials	False	True	False	False	False	True	[0.3909618854522705, 0.6090381145477295, 0.15626023709774017, 0.8437397480010986]	0.23470164090394974	0.4527778699994087	0.11735082417726517	-0.22638893872499466	0.3909618854522705	[904, 903, 903, 903, 903]	[962, 961, 961, 961, 961]		
169.16725	2.8307499999999948	epochs															maze_arm	10.0
172.01375	5.174250000000001	epochs															feedback_and_iti	10.0
172.01375	0.9987500000000011	epochs															feedback_delay	10.0
173.02975	1.9650000000000034	epochs															feedback	10.0
175.21575	1.972249999999974	epochs															iti	10.0
177.2085	7.7970000000000255	epochs															maze	11.0
177.2085	5.09975	epochs															maze_stem	11.0
177.22825	14.835499999999996	trials	False	True	False	False	True	False	[0.657629132270813, 0.342370867729187, 0.21829071640968323, 0.7817092537879944]	0.43933840095996857	0.12408013641834259	-0.2196691930294037	0.0620400607585907	0.342370867729187	[994, 994, 993, 993, 993]	[1040, 1039, 1039, 1039, 1039]		
182.33225	2.6732500000000243	epochs															maze_arm	11.0
185.02125	7.018999999999977	epochs															feedback_and_iti	11.0
185.02125	0.9977499999999964	epochs															feedback_delay	11.0
186.03725	1.9724999999999966	epochs															feedback	11.0
188.049	3.9912499999999795	epochs															iti	11.0
192.06375	6.598500000000001	epochs															maze	12.0
192.06375	4.257000000000005	epochs															maze_stem	12.0
192.08675	11.771999999999991	trials	False	True	False	False	False	True	[0.46691668033599854, 0.5330832600593567, 0.19451412558555603, 0.8054859042167664]	0.2724025994539261	0.33856917917728424	0.13620127737522125	-0.16928459703922272	0.46691668033599854	[1083, 1083, 1082, 1082, 1082]	[1121, 1121, 1121, 1121, 1121]		
196.34025	2.3220000000000027	epochs															maze_arm	12.0
198.67925	5.1582500000000095	epochs															feedback_and_iti	12.0
198.67925	0.984499999999997	epochs															feedback_delay	12.0
199.68425	1.9815000000000111	epochs															feedback	12.0
201.86275	1.9747500000000002	epochs															iti	12.0
203.85875	7.6425000000000125	epochs															maze	13.0
203.85875	5.028500000000008	epochs															maze_stem	13.0
203.88	12.829000000000008	trials	False	True	False	True	True	True	[0.6415714025497437, 0.3584285378456116, 0.25949543714523315, 0.7405045628547668]	0.3820759952068329	0.0989331305027008	0.19103801250457764	0.04946655035018921	0.7405045628547668	[1154, 1153, 1153, 1153, 1153]	[1198, 1198, 1198, 1198, 1198]		
208.907	2.594249999999988	epochs															maze_arm	13.0
211.51875	5.169749999999993	epochs															feedback_and_iti	13.0
211.51875	0.9949999999999761	epochs															feedback_delay	13.0
212.53375	1.9782500000000027	epochs															feedback	13.0
214.7125	1.975999999999999	epochs															iti	13.0
216.709	7.644499999999994	epochs															maze	14.0
216.709	4.922499999999985	epochs															maze_stem	14.0
216.72975	12.819000000000017	trials	False	True	False	True	True	True	[0.613771378993988, 0.38622862100601196, 0.1919681429862976, 0.8080318570137024]	0.42180323600769043	0.19426047801971436	0.21090161800384521	0.09713023900985718	0.8080318570137024	[1231, 1230, 1230, 1230, 1230]	[1275, 1275, 1275, 1275, 1275]		
221.65225	2.7012499999999875	epochs															maze_arm	14.0
224.37125	5.157749999999993	epochs															feedback_and_iti	14.0
224.37125	0.9847499999999911	epochs															feedback_delay	14.0
225.37575	1.9919999999999902	epochs															feedback	14.0
227.56775	1.9612500000000068	epochs															iti	14.0
229.54875	7.75924999999998	epochs															maze	15.0
229.54875	5.5	epochs															maze_stem	15.0
229.56775	14.807000000000016	trials	False	True	False	False	True	False	[0.6076682806015015, 0.3923317492008209, 0.17279013991355896, 0.8272098898887634]	0.4348781406879425	0.21954160928726196	-0.21743907034397125	0.10977081954479218	0.3923317492008209	[1308, 1307, 1307, 1307, 1307]	[1353, 1353, 1353, 1353, 1352]		
235.0675	2.2404999999999973	epochs															maze_arm	15.0
237.32425	7.03125	epochs															feedback_and_iti	15.0
237.32425	0.9865000000000066	epochs															feedback_delay	15.0
238.32875	1.994749999999982	epochs															feedback	15.0
240.3605	3.9950000000000045	epochs															iti	15.0
244.37475	7.305000000000007	epochs															maze	16.0
244.37475	4.752749999999992	epochs															maze_stem	16.0
244.39625	14.333750000000009	trials	False	True	False	False	True	False	[0.4761366844177246, 0.5238633155822754, 0.20097899436950684, 0.7990209460258484]	0.2751576602458954	0.32288429141044617	-0.1375788152217865	0.1614421308040619	0.5238633155822754	[1396, 1396, 1396, 1396, 1396]	[1439, 1439, 1439, 1439, 1439]		
249.1475	2.5322500000000048	epochs															maze_arm	16.0
251.69675	7.0122499999999945	epochs															feedback_and_iti	16.0
251.69675	0.9884999999999877	epochs															feedback_delay	16.0
252.7025	1.9847500000000196	epochs															feedback	16.0
254.7235	3.985500000000002	epochs															iti	16.0
258.73	7.030249999999967	epochs															maze	17.0
258.73	4.4565000000000055	epochs															maze_stem	17.0
258.75025	14.073750000000018	trials	False	True	False	False	True	False	[0.3909364938735962, 0.6090635061264038, 0.2112177461385727, 0.7887822985649109]	0.1797187700867653	0.3978457823395729	-0.08985939621925354	0.19892290234565735	0.6090635061264038	[1483, 1482, 1482, 1482, 1482]	[1524, 1524, 1523, 1523, 1523]		
263.2115	2.548749999999984	epochs															maze_arm	17.0
265.78275	7.021999999999991	epochs															feedback_and_iti	17.0
265.78275	0.9794999999999732	epochs															feedback_delay	17.0
266.783	1.9855000000000018	epochs															feedback	17.0
268.81825	3.986500000000035	epochs															iti	17.0
272.824	7.146749999999997	epochs															maze	18.0
272.824	4.968999999999994	epochs															maze_stem	18.0
272.844	14.188500000000033	trials	False	True	False	False	True	False	[0.34908831119537354, 0.6509116888046265, 0.22114580869674683, 0.7788541316986084]	0.12794247269630432	0.42976585030555725	-0.06397122144699097	0.21488291025161743	0.6509116888046265	[1567, 1567, 1567, 1566, 1566]	[1609, 1609, 1609, 1608, 1608]		
277.81575	2.1550000000000296	epochs															maze_arm	18.0
279.9885	7.021500000000003	epochs															feedback_and_iti	18.0
279.9885	0.9900000000000091	epochs															feedback_delay	18.0
280.99675	1.985749999999996	epochs															feedback	18.0
283.02225	3.9877500000000055	epochs															iti	18.0
287.0325	8.201999999999998	epochs															maze	19.0
287.0325	5.171249999999986	epochs															maze_stem	19.0
287.0535	15.247000000000014	trials	False	True	False	False	True	False	[0.32751619815826416, 0.6724837422370911, 0.23372328281402588, 0.7662767767906189]	0.09379297494888306	0.43876051902770996	-0.046896517276763916	0.21938025951385498	0.6724837422370911	[1652, 1652, 1652, 1652, 1651]	[1700, 1700, 1700, 1700, 1700]		
292.22275	3.0117500000000064	epochs															maze_arm	19.0
295.251	7.02475000000004	epochs															feedback_and_iti	19.0
295.251	0.9875000000000114	epochs															feedback_delay	19.0
296.256	1.990000000000009	epochs															feedback	19.0
298.28725	3.9885000000000446	epochs															iti	19.0
302.3005	7.058749999999975	epochs															maze	20.0
302.3005	4.915500000000009	epochs															maze_stem	20.0
302.32225	12.242500000000007	trials	False	True	False	True	True	True	[0.3163663446903229, 0.6836336851119995, 0.2502399981021881, 0.7497599720954895]	0.06612631678581238	0.433393657207489	0.033063143491744995	0.2166968286037445	0.7497599720954895	[1744, 1744, 1743, 1743, 1743]	[1785, 1785, 1785, 1785, 1784]		
307.23775	2.121499999999969	epochs															maze_arm	20.0
309.387	5.156999999999982	epochs															feedback_and_iti	20.0
309.387	0.9857499999999959	epochs															feedback_delay	20.0
310.3905	1.9820000000000277	epochs															feedback	20.0
312.56425	1.9797499999999673	epochs															iti	20.0
314.56475	8.89549999999997	epochs															maze	21.0
314.56475	6.143750000000011	epochs															maze_stem	21.0
314.5855	15.938999999999965	trials	False	True	False	True	False	False	[0.42766478657722473, 0.5723351836204529, 0.2173660695552826, 0.782633900642395]	0.21029871702194214	0.3549691140651703	-0.10514935851097107	-0.17748457193374634	0.2173660695552826	[1817, 1817, 1817, 1817, 1816]	[1870, 1869, 1869, 1869, 1869]		
320.72625	2.7339999999999804	epochs															maze_arm	21.0
323.47575	7.026999999999987	epochs															feedback_and_iti	21.0
323.47575	0.9912499999999795	epochs															feedback_delay	21.0
324.4865	1.9860000000000468	epochs															feedback	21.0
326.51	3.992750000000001	epochs															iti	21.0
330.5245	11.444999999999993	epochs															maze	22.0
330.5245	4.922500000000014	epochs															maze_stem	22.0
330.54725	16.660499999999956	trials	True	True	False	False	False	True	[0.4965125024318695, 0.5034874677658081, 0.47969016432762146, 0.5203098654747009]	0.016822367906570435	0.023797333240509033	0.008411169052124023	-0.011898666620254517	0.4965125024318695	[1913, 1913, 1913, 1912, 1912]	[1981, 1980, 1980, 1980, 1980]		
335.46725	6.502250000000004	epochs															maze_arm	22.0
341.99025	5.189000000000021	epochs															feedback_and_iti	22.0
341.99025	0.9794999999999732	epochs															feedback_delay	22.0
342.99025	1.989500000000021	epochs															feedback	22.0
345.1935	1.9857500000000528	epochs															iti	22.0
347.20775	8.097000000000037	epochs															maze	23.0
347.20775	5.9392500000000155	epochs															maze_stem	23.0
347.23075	13.282249999999976	trials	False	True	False	True	True	True	[0.6833799481391907, 0.31661999225616455, 0.5193016529083252, 0.4806983768939972]	0.16407833993434906	-0.20268161594867706	0.08203919231891632	-0.10134081542491913	0.4806983768939972	[2013, 2013, 2013, 2012, 2012]	[2061, 2060, 2060, 2060, 2060]		
353.16725	2.1374999999999886	epochs															maze_arm	23.0
355.3205	5.169750000000022	epochs															feedback_and_iti	23.0
355.3205	0.9852500000000077	epochs															feedback_delay	23.0
356.32475	1.9890000000000327	epochs															feedback	23.0
358.52225	1.9680000000000177	epochs															iti	23.0
360.513	9.05600000000004	epochs															maze	24.0
360.513	6.426250000000039	epochs															maze_stem	24.0
360.53625	16.09375	trials	False	True	False	True	False	False	[0.5376552939414978, 0.4623447060585022, 0.3133082985877991, 0.6866917014122009]	0.22434699535369873	0.14903640747070312	-0.11217349767684937	-0.07451820373535156	0.3133082985877991	[2093, 2093, 2092, 2092, 2092]	[2146, 2146, 2146, 2146, 2145]		
366.95875	2.6102500000000077	epochs															maze_arm	24.0
369.5875	7.022000000000048	epochs															feedback_and_iti	24.0
369.5875	0.9990000000000236	epochs															feedback_delay	24.0
370.6075	1.975999999999999	epochs															feedback	24.0
372.6245	3.9850000000000136	epochs															iti	24.0
376.63	7.3104999999999905	epochs															maze	25.0
376.63	4.882749999999987	epochs															maze_stem	25.0
376.65025	12.506249999999966	trials	False	True	False	True	True	True	[0.5728333592414856, 0.4271666407585144, 0.5503441691398621, 0.44965577125549316]	0.022489160299301147	-0.12317755818367004	0.01124456524848938	-0.061588793992996216	0.44965577125549316	[2189, 2189, 2189, 2189, 2189]	[2232, 2232, 2232, 2232, 2232]		
381.5325	2.4079999999999586	epochs															maze_arm	25.0
383.96575	5.169749999999965	epochs															feedback_and_iti	25.0
383.96575	0.9780000000000086	epochs															feedback_delay	25.0
384.9615	1.9837499999999864	epochs															feedback	25.0
387.15225	1.9832499999999982	epochs															iti	25.0
389.1565	8.350999999999999	epochs															maze	26.0
389.1565	5.913250000000005	epochs															maze_stem	26.0
389.1755	15.380499999999984	trials	False	True	False	False	True	False	[0.5135008096694946, 0.48649922013282776, 0.3605705797672272, 0.6394293904304504]	0.15293020009994507	0.1259286105632782	-0.07646508514881134	0.0629643052816391	0.48649922013282776	[2265, 2264, 2264, 2264, 2264]	[2314, 2313, 2313, 2313, 2313]		
395.09	2.417500000000018	epochs															maze_arm	26.0
397.52475	7.01075000000003	epochs															feedback_and_iti	26.0
397.52475	0.9910000000000423	epochs															feedback_delay	26.0
398.53425	1.979250000000036	epochs															feedback	26.0
400.55025	3.9852500000000077	epochs															iti	26.0
404.556	7.753500000000031	epochs															maze	27.0
404.556	5.03000000000003	epochs															maze_stem	27.0
404.57875	12.93225000000001	trials	False	True	False	False	False	True	[0.442347913980484, 0.5576520562171936, 0.2817758321762085, 0.7182242274284363]	0.1605721265077591	0.2758762687444687	0.08028604090213776	-0.13793812692165375	0.442347913980484	[2357, 2357, 2356, 2356, 2356]	[2402, 2402, 2402, 2402, 2402]		
409.60625	2.7032500000000255	epochs															maze_arm	27.0
412.325	5.161749999999984	epochs															feedback_and_iti	27.0
412.325	0.9882499999999936	epochs															feedback_delay	27.0
413.331	1.9839999999999804	epochs															feedback	27.0
415.50325	1.9834999999999923	epochs															iti	27.0
417.511	9.239499999999964	epochs															maze	28.0
417.511	5.975749999999948	epochs															maze_stem	28.0
417.5355	14.439249999999959	trials	False	True	False	False	False	True	[0.650702178478241, 0.34929776191711426, 0.48138177394866943, 0.5186182260513306]	0.16932043433189392	-0.1320839822292328	0.08466020226478577	0.0660419762134552	0.650702178478241	[2435, 2434, 2434, 2434, 2434]	[2489, 2489, 2489, 2488, 2488]		
423.50675	3.2437499999999773	epochs															maze_arm	28.0
426.766	5.189750000000004	epochs															feedback_and_iti	28.0
426.766	0.9997500000000059	epochs															feedback_delay	28.0
427.79	1.9612500000000068	epochs															feedback	28.0
429.9645	1.9912500000000364	epochs															iti	28.0
431.97475	11.748000000000047	epochs															maze	29.0
431.97475	8.831750000000056	epochs															maze_stem	29.0
431.99475	18.781749999999988	trials	False	True	False	False	True	False	[0.7983348965644836, 0.20166505873203278, 0.4745835065841675, 0.5254164338111877]	0.32375138252973557	-0.2729184553027153	-0.16187568753957748	-0.13645925372838974	0.20166505873203278	[2521, 2521, 2521, 2521, 2520]	[2591, 2591, 2590, 2590, 2590]		
440.825	2.8977500000000305	epochs															maze_arm	29.0
443.7395	7.017749999999978	epochs															feedback_and_iti	29.0
443.7395	0.9864999999999782	epochs															feedback_delay	29.0
444.74375	1.985749999999996	epochs															feedback	29.0
446.76625	3.9909999999999854	epochs															iti	29.0
450.7765	8.177000000000021	epochs															maze	30.0
450.7765	5.68625000000003	epochs															maze_stem	30.0
450.79925	13.365250000000003	trials	False	True	False	False	False	True	[0.5501261353492737, 0.4498739242553711, 0.26819348335266113, 0.7318065166473389]	0.28193262219429016	0.18168041110038757	0.14096632599830627	-0.09084019064903259	0.5501261353492737	[2634, 2634, 2634, 2633, 2633]	[2682, 2682, 2682, 2681, 2681]		
456.4815	2.472000000000037	epochs															maze_arm	30.0
458.96925	5.172750000000008	epochs															feedback_and_iti	30.0
458.96925	0.9995000000000118	epochs															feedback_delay	30.0
459.98725	1.9710000000000036	epochs															feedback	30.0
462.158	1.9839999999999804	epochs															iti	30.0
464.1645	8.82725000000005	epochs															maze	31.0
464.1645	6.313750000000027	epochs															maze_stem	31.0
464.18475	14.021999999999991	trials	False	True	False	True	True	True	[0.7436557412147522, 0.2563442289829254, 0.4764551520347595, 0.5235448479652405]	0.26720060408115387	-0.2201109081506729	0.13360030949115753	-0.11005546152591705	0.5235448479652405	[2714, 2714, 2714, 2714, 2713]	[2766, 2766, 2766, 2766, 2765]		
470.4975	2.4942500000000223	epochs															maze_arm	31.0
473.00925	5.176499999999976	epochs															feedback_and_iti	31.0
473.00925	0.9837499999999864	epochs															feedback_delay	31.0
474.01175	1.996249999999975	epochs															feedback	31.0
476.229	1.9567499999999995	epochs															iti	31.0
478.20675	8.157500000000027	epochs															maze	32.0
478.20675	5.655250000000024	epochs															maze_stem	32.0
478.225	15.20274999999998	trials	False	True	False	False	True	False	[0.6968344449996948, 0.30316558480262756, 0.3204171061515808, 0.6795828938484192]	0.3764173239469528	-0.01725153625011444	-0.1882086545228958	-0.008625760674476624	0.30316558480262756	[2798, 2798, 2798, 2798, 2798]	[2846, 2846, 2846, 2846, 2846]		
483.8855	2.4787500000000477	epochs															maze_arm	32.0
486.38325	7.020750000000021	epochs															feedback_and_iti	32.0
486.38325	0.986500000000035	epochs															feedback_delay	32.0
487.3895	1.9872500000000173	epochs															feedback	32.0
489.4135	3.9904999999999973	epochs															iti	32.0
493.42775	7.533999999999992	epochs															maze	33.0
493.42775	4.743499999999983	epochs															maze_stem	33.0
493.451	12.72199999999998	trials	False	True	False	True	True	True	[0.5162788033485413, 0.48372122645378113, 0.23107688128948212, 0.7689231038093567]	0.28520189970731735	0.2526443228125572	0.14260093867778778	0.1263221651315689	0.7689231038093567	[2890, 2890, 2889, 2889, 2889]	[2934, 2934, 2934, 2933, 2933]		
498.1905	2.771250000000009	epochs															maze_arm	33.0
500.9775	5.168999999999983	epochs															feedback_and_iti	33.0
500.9775	0.9927500000000009	epochs															feedback_delay	33.0
501.989	1.9735000000000014	epochs															feedback	33.0
504.17125	1.9752500000000168	epochs															iti	33.0
506.173	12.565500000000043	epochs															maze	34.0
506.173	10.127500000000055	epochs															maze_stem	34.0
506.19675	17.749250000000018	trials	False	True	False	False	False	True	[0.5535299777984619, 0.4464700222015381, 0.17186075448989868, 0.8281391859054565]	0.38166919350624084	0.274609237909317	0.19083461165428162	-0.1373046338558197	0.5535299777984619	[2966, 2966, 2966, 2966, 2965]	[3041, 3040, 3040, 3040, 3040]		
516.3195	2.4190000000000964	epochs															maze_arm	34.0
518.7565	5.169250000000034	epochs															feedback_and_iti	34.0
518.7565	0.9992500000000746	epochs															feedback_delay	34.0
519.773	1.9769999999999754	epochs															feedback	34.0
521.96375	1.961999999999989	epochs															iti	34.0
523.946	8.539499999999975	epochs															maze	35.0
523.946	5.961999999999989	epochs															maze_stem	35.0
523.96575	13.705500000000029	trials	False	True	False	False	False	True	[0.7563002109527588, 0.243699848651886, 0.2121061086654663, 0.7878938317298889]	0.5441940426826477	0.0315936803817749	0.27209705114364624	-0.01579684019088745	0.7563002109527588	[3073, 3072, 3072, 3072, 3072]	[3123, 3123, 3123, 3122, 3122]		
529.92575	2.559750000000008	epochs															maze_arm	35.0
532.5055	5.146000000000072	epochs															feedback_and_iti	35.0
532.5055	0.98924999999997	epochs															feedback_delay	35.0
533.51225	1.9764999999999873	epochs															feedback	35.0
535.68525	1.9662500000000591	epochs															iti	35.0
537.67125	9.040750000000003	epochs															maze	36.0
537.67125	6.1062500000000455	epochs															maze_stem	36.0
537.69175	14.253500000000031	trials	False	True	False	True	True	True	[0.817332923412323, 0.182667076587677, 0.2048933357000351, 0.7951067090034485]	0.6124396100640297	-0.022226236760616302	0.30621981620788574	-0.011113107204437256	0.7951067090034485	[3155, 3155, 3155, 3154, 3154]	[3208, 3208, 3208, 3208, 3207]		
543.7975	2.9144999999999754	epochs															maze_arm	36.0
546.7295	5.189750000000004	epochs															feedback_and_iti	36.0
546.7295	0.9987499999999727	epochs															feedback_delay	36.0
547.746	1.9747499999999718	epochs															feedback	36.0
549.9275	1.9917500000000246	epochs															iti	36.0
551.94525	10.680250000000001	epochs															maze	37.0
551.94525	6.68425000000002	epochs															maze_stem	37.0
551.96975	17.703250000000025	trials	False	True	False	True	False	False	[0.7664055824279785, 0.23359441757202148, 0.16720068454742432, 0.8327993750572205]	0.5992049276828766	0.06639376282691956	-0.2996024489402771	-0.033196866512298584	0.16720068454742432	[3241, 3240, 3240, 3240, 3240]	[3304, 3303, 3303, 3303, 3303]		
558.6515	3.9739999999999327	epochs															maze_arm	37.0
562.64175	7.013000000000034	epochs															feedback_and_iti	37.0
562.64175	0.9997499999999491	epochs															feedback_delay	37.0
563.6585	1.9737499999999955	epochs															feedback	37.0
565.66925	3.985500000000002	epochs															iti	37.0
569.673	7.184999999999945	epochs															maze	38.0
569.673	4.805250000000001	epochs															maze_stem	38.0
569.693	12.382000000000062	trials	False	True	False	True	True	True	[0.6823550462722778, 0.31764498353004456, 0.39062145352363586, 0.6093785762786865]	0.29173359274864197	-0.07297646999359131	0.14586679637432098	-0.03648822009563446	0.6093785762786865	[3347, 3347, 3346, 3346, 3346]	[3389, 3389, 3389, 3388, 3388]		
574.4985	2.359499999999912	epochs															maze_arm	38.0
576.873	5.180749999999989	epochs															feedback_and_iti	38.0
576.873	0.9912499999999227	epochs															feedback_delay	38.0
577.8915	1.9790000000000418	epochs															feedback	38.0
580.07475	1.9790000000000418	epochs															iti	38.0
582.075	10.948999999999955	epochs															maze	39.0
582.075	8.037249999999972	epochs															maze_stem	39.0
582.09525	16.14975000000004	trials	False	True	False	False	False	True	[0.7581444978713989, 0.24185548722743988, 0.26902323961257935, 0.7309768199920654]	0.48912129551172256	-0.02716771513223648	0.2445606291294098	0.013583868741989136	0.7581444978713989	[3421, 3421, 3421, 3421, 3420]	[3486, 3486, 3486, 3485, 3485]		
590.1315	2.892500000000041	epochs															maze_arm	39.0
593.048	5.17349999999999	epochs															feedback_and_iti	39.0
593.048	0.9797499999999673	epochs															feedback_delay	39.0
594.05125	1.9912500000000364	epochs															feedback	39.0
596.244	1.9774999999999636	epochs															iti	39.0
598.245	11.363249999999994	epochs															maze	40.0
598.245	8.144499999999994	epochs															maze_stem	40.0
598.26775	16.56574999999998	trials	False	True	False	False	False	True	[0.8481239080429077, 0.1518760323524475, 0.25145742297172546, 0.7485425472259521]	0.5966664999723434	-0.09958137571811676	0.2983332425355911	0.04979066550731659	0.8481239080429077	[3518, 3518, 3518, 3518, 3517]	[3585, 3585, 3585, 3585, 3585]		
606.416	3.1922499999999445	epochs															maze_arm	40.0
609.62625	5.185999999999922	epochs															feedback_and_iti	40.0
609.62625	0.9907499999999345	epochs															feedback_delay	40.0
610.63725	1.9857500000000528	epochs															feedback	40.0
612.829	1.9832499999999982	epochs															iti	40.0
614.8335	11.738000000000056	epochs															maze	41.0
614.8335	8.61925000000008	epochs															maze_stem	41.0
614.85325	16.930500000000052	trials	False	True	False	False	False	True	[0.8713347315788269, 0.12866529822349548, 0.25607937574386597, 0.743920624256134]	0.6152553409337997	-0.12741409242153168	0.30762767791748047	0.06370705366134644	0.8713347315788269	[3618, 3617, 3617, 3617, 3617]	[3687, 3687, 3687, 3686, 3686]		
623.47025	3.10125000000005	epochs															maze_arm	41.0
626.59275	5.167749999999955	epochs															feedback_and_iti	41.0
626.59275	0.9787499999999909	epochs															feedback_delay	41.0
627.59	1.982499999999959	epochs															feedback	41.0
629.781	1.97950000000003	epochs															iti	41.0
631.78375	12.936749999999961	epochs															maze	42.0
631.78375	9.62824999999998	epochs															maze_stem	42.0
631.804	18.150250000000028	trials	False	True	False	False	False	True	[0.8863714337348938, 0.1136285737156868, 0.27572906017303467, 0.7242709398269653]	0.6106423698365688	-0.16210049018263817	0.30532118678092957	0.08105024695396423	0.8863714337348938	[3719, 3719, 3719, 3719, 3718]	[3796, 3796, 3795, 3795, 3795]		
641.4315	3.2889999999999873	epochs															maze_arm	42.0
644.73725	5.187999999999988	epochs															feedback_and_iti	42.0
644.73725	1.0002499999999372	epochs															feedback_delay	42.0
645.757	1.9650000000000318	epochs															feedback	42.0
647.935	1.99025000000006	epochs															iti	42.0
649.95425	11.614749999999958	epochs															maze	43.0
649.95425	8.793499999999995	epochs															maze_stem	43.0
649.98175	16.7885	trials	False	True	False	False	False	True	[0.8989225029945374, 0.10107755661010742, 0.30379122495651245, 0.6962087750434875]	0.5951312482357025	-0.20271369814872742	0.29756563901901245	0.1013568639755249	0.8989225029945374	[3828, 3828, 3828, 3828, 3827]	[3897, 3897, 3896, 3896, 3896]		
658.773	2.7959999999999354	epochs															maze_arm	43.0
661.5855	5.166749999999979	epochs															feedback_and_iti	43.0
661.5855	0.9977499999999964	epochs															feedback_delay	43.0
662.6005	1.9710000000000036	epochs															feedback	43.0
664.77875	1.9735000000000582	epochs															iti	43.0
666.77025	8.299249999999915	epochs															maze	44.0
666.77025	6.153500000000008	epochs															maze_stem	44.0
666.793	13.494249999999965	trials	True	True	False	True	True	True	[0.9095125794410706, 0.09048743546009064, 0.3394944667816162, 0.6605055332183838]	0.5700181052088737	-0.24900703877210617	0.2850090488791466	-0.12450351566076279	0.6605055332183838	[3929, 3929, 3929, 3928, 3928]	[3978, 3978, 3977, 3977, 3977]		
672.94375	2.1257499999999254	epochs															maze_arm	44.0
675.09525	5.169500000000085	epochs															feedback_and_iti	44.0
675.09525	0.9777500000000146	epochs															feedback_delay	44.0
676.0985	1.9805000000000064	epochs															feedback	44.0
678.276	1.9887500000000955	epochs															iti	44.0
680.28725	12.255750000000035	epochs															maze	45.0
680.28725	9.461999999999989	epochs															maze_stem	45.0
680.31	17.436000000000035	trials	False	True	False	False	False	True	[0.8718212842941284, 0.12817871570587158, 0.25355616211891174, 0.7464438080787659]	0.6182651072740555	-0.12537746131420135	0.30913256108760834	0.06268872320652008	0.8718212842941284	[4010, 4010, 4010, 4009, 4009]	[4083, 4082, 4082, 4082, 4082]		
689.76875	2.774250000000052	epochs															maze_arm	45.0
692.562	5.159750000000031	epochs															feedback_and_iti	45.0
692.562	0.99675000000002	epochs															feedback_delay	45.0
693.57675	1.9810000000001082	epochs															feedback	45.0
695.738	1.9837499999999864	epochs															iti	45.0
697.746	16.24000000000001	epochs															maze	46.0
697.746	8.122250000000008	epochs															maze_stem	46.0
697.76975	21.435749999999985	trials	False	True	False	False	False	True	[0.8754110336303711, 0.12458892166614532, 0.20203031599521637, 0.7979696393013]	0.6733807176351547	-0.07744139432907104	0.33669035881757736	0.03872067481279373	0.8754110336303711	[4115, 4115, 4114, 4114, 4114]	[4211, 4211, 4211, 4211, 4210]		
705.889	8.09699999999998	epochs															maze_arm	46.0
714.0065	5.176750000000084	epochs															feedback_and_iti	46.0
714.0065	0.9857500000000528	epochs															feedback_delay	46.0
715.0095	1.9802499999999554	epochs															feedback	46.0
717.20925	1.9740000000000464	epochs															iti	46.0
719.2055	8.514249999999947	epochs															maze	47.0
719.2055	6.040750000000003	epochs															maze_stem	47.0
719.2255	13.723999999999933	trials	True	True	False	True	True	True	[0.8786519765853882, 0.12134800106287003, 0.21999011933803558, 0.780009925365448]	0.6586618907749653	-0.09864208474755287	0.329330962151289	-0.04932103678584099	0.780009925365448	[4243, 4243, 4243, 4243, 4243]	[4294, 4293, 4293, 4293, 4293]		
725.26475	2.4549999999999272	epochs															maze_arm	47.0
727.7425	5.184750000000008	epochs															feedback_and_iti	47.0
727.7425	0.9807500000000573	epochs															feedback_delay	47.0
728.745	1.992750000000001	epochs															feedback	47.0
730.94475	1.982499999999959	epochs															iti	47.0
732.9495	11.354250000000093	epochs															maze	48.0
732.9495	8.625500000000102	epochs															maze_stem	48.0
732.9695	16.539499999999975	trials	False	True	False	False	False	True	[0.8625824451446533, 0.13741759955883026, 0.20268769562244415, 0.797312319278717]	0.659894734621048	-0.06527011096477509	0.3299473747611046	0.03263507038354874	0.8625824451446533	[4326, 4326, 4325, 4325, 4325]	[4393, 4393, 4393, 4392, 4392]		
741.6005	2.7032500000000255	epochs															maze_arm	48.0
744.322	5.163999999999987	epochs															feedback_and_iti	48.0
744.322	0.9950000000000045	epochs															feedback_delay	48.0
745.336	1.9737499999999955	epochs															feedback	48.0
747.499	1.9869999999999663	epochs															iti	48.0
749.509	7.9112499999999955	epochs															maze	49.0
749.509	5.698750000000018	epochs															maze_stem	49.0
749.528	13.105500000000006	trials	False	True	False	True	True	True	[0.8633809089660645, 0.13661910593509674, 0.17880357801914215, 0.8211963772773743]	0.6845773011445999	-0.0421845018863678	0.34228863567113876	-0.021092258393764496	0.8211963772773743	[4425, 4425, 4425, 4425, 4424]	[4472, 4471, 4471, 4471, 4471]		
755.226	2.194250000000011	epochs															maze_arm	49.0
757.4375	5.176000000000045	epochs															feedback_and_iti	49.0
757.4375	0.9887499999999818	epochs															feedback_delay	49.0
758.4485	1.9835000000000491	epochs															feedback	49.0
760.6405	1.97300000000007	epochs															iti	49.0
762.6335	10.799750000000017	epochs															maze	50.0
762.6335	7.528999999999996	epochs															maze_stem	50.0
762.65275	16.009750000000054	trials	True	True	False	False	False	True	[0.8549126386642456, 0.145087331533432, 0.15908604860305786, 0.8409139513969421]	0.6958266049623489	-0.01399870216846466	0.34791329503059387	0.006999343633651733	0.8549126386642456	[4504, 4504, 4503, 4503, 4503]	[4568, 4567, 4567, 4567, 4567]		
770.18025	3.2530000000000427	epochs															maze_arm	50.0
773.46175	5.180999999999926	epochs															feedback_and_iti	50.0
773.46175	0.9837499999999864	epochs															feedback_delay	50.0
774.46725	1.9812499999999318	epochs															feedback	50.0
776.65375	1.9890000000000327	epochs															iti	50.0
778.6625	10.394499999999994	epochs															maze	51.0
778.6625	7.892749999999978	epochs															maze_stem	51.0
778.684	15.591499999999996	trials	False	True	False	False	False	True	[0.8877365589141846, 0.11226349323987961, 0.1866937279701233, 0.8133062124252319]	0.7010427750647068	-0.07443029060959816	0.35052141547203064	0.03721514344215393	0.8877365589141846	[4600, 4600, 4599, 4599, 4599]	[4661, 4661, 4661, 4661, 4660]		
786.5735	2.483500000000049	epochs															maze_arm	51.0
789.07225	5.184499999999957	epochs															feedback_and_iti	51.0
789.07225	0.9912499999999227	epochs															feedback_delay	51.0
790.07925	1.9840000000000373	epochs															feedback	51.0
792.2795	1.9772500000000264	epochs															iti	51.0
794.2755	8.513500000000022	epochs															maze	52.0
794.2755	5.898000000000025	epochs															maze_stem	52.0
794.2955	13.718250000000012	trials	False	True	False	True	True	True	[0.8617926836013794, 0.138207346200943, 0.1884235292673111, 0.8115764856338501]	0.6733691468834877	-0.0502161905169487	0.33668456971645355	-0.025108084082603455	0.8115764856338501	[4694, 4693, 4693, 4693, 4693]	[4744, 4743, 4743, 4743, 4743]		
800.1965	2.5924999999999727	epochs															maze_arm	52.0
802.8085	5.1795000000000755	epochs															feedback_and_iti	52.0
802.8085	0.9940000000000282	epochs															feedback_delay	52.0
803.8185	1.9775000000000773	epochs															feedback	52.0
805.98475	2.0032500000000937	epochs															iti	52.0
808.01375	8.084749999999985	epochs															maze	53.0
808.01375	5.477000000000089	epochs															maze_stem	53.0
808.0395	13.277500000000032	trials	False	True	False	True	True	True	[0.861897885799408, 0.13810214400291443, 0.1580551117658615, 0.8419448733329773]	0.7038427516818047	-0.019952990114688873	0.35192136466503143	-0.009976491332054138	0.8419448733329773	[4776, 4776, 4775, 4775, 4775]	[4823, 4823, 4823, 4823, 4823]		
813.512	2.586500000000001	epochs															maze_arm	53.0
816.115	5.181749999999965	epochs															feedback_and_iti	53.0
816.115	0.9995000000000118	epochs															feedback_delay	53.0
817.13075	1.9737499999999955	epochs															feedback	53.0
819.32225	1.9744999999999209	epochs															iti	53.0
821.317	8.425749999999994	epochs															maze	54.0
821.317	6.180749999999989	epochs															maze_stem	54.0
821.338	13.641000000000076	trials	False	True	False	True	True	True	[0.8620390295982361, 0.1379609853029251, 0.15610209107398987, 0.8438978791236877]	0.7059369161725044	-0.01814112812280655	0.3529684469103813	-0.009070567786693573	0.8438978791236877	[4856, 4855, 4855, 4855, 4855]	[4905, 4905, 4905, 4905, 4904]		
827.51775	2.2250000000000227	epochs															maze_arm	54.0
829.76225	5.195500000000038	epochs															feedback_and_iti	54.0
829.76225	0.9845000000000255	epochs															feedback_delay	54.0
830.76375	1.9845000000000255	epochs															feedback	54.0
832.9965	1.9612500000000637	epochs															iti	54.0
834.979	10.742750000000001	epochs															maze	55.0
834.979	7.91274999999996	epochs															maze_stem	55.0
834.9985	15.933749999999918	trials	False	True	False	False	False	True	[0.8608080744743347, 0.13919197022914886, 0.15493178367614746, 0.8450681567192078]	0.7058762386441231	-0.015739865601062775	0.35293814539909363	0.007869929075241089	0.8608080744743347	[4938, 4937, 4937, 4937, 4937]	[5001, 5001, 5001, 5000, 5000]		
842.91325	2.8085000000000946	epochs															maze_arm	55.0
845.74	5.173000000000002	epochs															feedback_and_iti	55.0
845.74	0.9919999999999618	epochs															feedback_delay	55.0
846.74975	1.9777500000000146	epochs															feedback	55.0
848.93875	1.9742499999999836	epochs															iti	55.0
850.93225	14.895500000000084	epochs															maze	56.0
850.93225	6.403999999999996	epochs															maze_stem	56.0
850.953	20.08699999999999	trials	False	True	False	True	True	True	[0.8587283492088318, 0.1412716805934906, 0.17079678177833557, 0.8292032480239868]	0.6879315674304962	-0.02952510118484497	0.3439657837152481	-0.014762535691261292	0.8292032480239868	[5033, 5033, 5033, 5033, 5032]	[5122, 5121, 5121, 5121, 5121]		
857.35575	8.472000000000094	epochs															maze_arm	56.0
865.84775	5.170999999999935	epochs															feedback_and_iti	56.0
865.84775	0.9900000000000091	epochs															feedback_delay	56.0
866.85575	1.9775000000000773	epochs															feedback	56.0
869.03725	1.9814999999999827	epochs															iti	56.0
871.04	10.896000000000072	epochs															maze	57.0
871.04	7.64224999999999	epochs															maze_stem	57.0
871.06225	16.10050000000001	trials	True	True	False	False	False	True	[0.8581512570381165, 0.14184869825839996, 0.1510440558195114, 0.8489559292793274]	0.7071072161197662	-0.009195342659950256	0.3535536006093025	0.004597656428813934	0.8581512570381165	[5154, 5154, 5153, 5153, 5153]	[5218, 5218, 5218, 5218, 5217]		
878.70175	3.234250000000088	epochs															maze_arm	57.0
881.95675	5.1784999999999854	epochs															feedback_and_iti	57.0
881.95675	0.9932499999999891	epochs															feedback_delay	57.0
882.97025	1.9840000000000373	epochs															feedback	57.0
885.15875	1.9764999999999873	epochs															iti	57.0
887.16275	7.515250000000037	epochs															maze	58.0
887.16275	5.277750000000083	epochs															maze_stem	58.0
887.18625	12.707250000000045	trials	False	True	False	False	False	True	[0.8864926695823669, 0.11350731551647186, 0.17963503301143646, 0.8203650116920471]	0.7068576663732529	-0.06612768769264221	0.35342881828546524	0.0330638512969017	0.8864926695823669	[5250, 5250, 5250, 5250, 5250]	[5295, 5294, 5294, 5294, 5294]		
892.46175	2.2162499999999454	epochs															maze_arm	58.0
894.695	5.177999999999997	epochs															feedback_and_iti	58.0
894.695	0.9855000000000018	epochs															feedback_delay	58.0
895.702	1.9822500000000218	epochs															feedback	58.0
897.899	1.9740000000000464	epochs															iti	58.0
899.8935	10.280750000000012	epochs															maze	59.0
899.8935	8.174499999999966	epochs															maze_stem	59.0
899.914	15.479249999999979	trials	False	True	False	True	True	True	[0.8595994710922241, 0.14040055871009827, 0.18293406069278717, 0.8170658946037292]	0.676665373146534	-0.04253353923559189	0.3383326679468155	-0.021266773343086243	0.8170658946037292	[5327, 5327, 5326, 5326, 5326]	[5387, 5387, 5387, 5387, 5387]		
908.08725	2.086999999999989	epochs															maze_arm	59.0
910.19125	5.180500000000052	epochs															feedback_and_iti	59.0
910.19125	0.98599999999999	epochs															feedback_delay	59.0
911.19825	1.9884999999999309	epochs															feedback	59.0
913.39875	1.97300000000007	epochs															iti	59.0
915.39325	10.359750000000076	epochs															maze	60.0
915.39325	7.925000000000068	epochs															maze_stem	60.0
915.41625	15.533000000000015	trials	False	True	False	False	False	True	[0.8632292151451111, 0.13677075505256653, 0.1538608968257904, 0.846139132976532]	0.7093683481216431	-0.01709011197090149	0.35468415915966034	0.008545055985450745	0.8632292151451111	[5420, 5419, 5419, 5419, 5419]	[5481, 5481, 5480, 5480, 5480]		
923.34375	2.4092500000000427	epochs															maze_arm	60.0
925.77475	5.153999999999996	epochs															feedback_and_iti	60.0
925.77475	0.9872499999999036	epochs															feedback_delay	60.0
926.7775	1.9802499999999554	epochs															feedback	60.0
928.957	1.9717500000000427	epochs															iti	60.0
930.94925	8.193750000000023	epochs															maze	61.0
930.94925	5.8142500000000155	epochs															maze_stem	61.0
930.97	15.224249999999984	trials	False	True	False	False	True	False	[0.8599878549575806, 0.14001213014125824, 0.17132046818733215, 0.8286795020103455]	0.6886673793196678	-0.03130834549665451	-0.3443336859345436	-0.01565418392419815	0.14001213014125824	[5513, 5513, 5513, 5512, 5512]	[5561, 5561, 5561, 5561, 5560]		
936.7815	2.361499999999978	epochs															maze_arm	61.0
939.16175	7.011750000000006	epochs															feedback_and_iti	61.0
939.16175	0.9885000000000446	epochs															feedback_delay	61.0
940.17225	1.9710000000000036	epochs															feedback	61.0
942.18	3.99350000000004	epochs															iti	61.0
946.19425	9.687999999999988	epochs															maze	62.0
946.19425	6.77475000000004	epochs															maze_stem	62.0
946.2145	14.857249999999908	trials	False	True	False	False	False	True	[0.6414395570755005, 0.3585604429244995, 0.1946367472410202, 0.8053632378578186]	0.4468028023838997	0.1639236882328987	0.22340140491724014	-0.08196184784173965	0.6414395570755005	[5604, 5604, 5604, 5604, 5604]	[5661, 5661, 5661, 5661, 5661]		
952.98925	2.893000000000029	epochs															maze_arm	62.0
955.9035	5.147500000000036	epochs															feedback_and_iti	62.0
955.9035	0.97849999999994	epochs															feedback_delay	62.0
956.90125	1.9879999999999427	epochs															feedback	62.0
959.0845	1.9664999999999964	epochs															iti	62.0
961.07175	7.632249999999999	epochs															maze	63.0
961.07175	5.504000000000019	epochs															maze_stem	63.0
961.093	12.842250000000035	trials	False	True	False	True	True	True	[0.7804285287857056, 0.21957148611545563, 0.18255312740802765, 0.8174468874931335]	0.5978754013776779	0.03701835870742798	0.29893770068883896	0.018509186804294586	0.8174468874931335	[5694, 5693, 5693, 5693, 5693]	[5738, 5738, 5738, 5738, 5738]		
966.5975	2.1064999999999827	epochs															maze_arm	63.0
968.7195	5.19399999999996	epochs															feedback_and_iti	63.0
968.7195	0.9879999999999427	epochs															feedback_delay	63.0
969.72375	1.98924999999997	epochs															feedback	63.0
971.92875	1.9847499999999627	epochs															iti	63.0
973.93525	8.346250000000055	epochs															maze	64.0
973.93525	5.980500000000006	epochs															maze_stem	64.0
973.9555	15.382999999999925	trials	False	True	False	False	True	False	[0.8018512725830078, 0.1981486976146698, 0.15583324432373047, 0.8441666960716248]	0.6460180133581161	0.04231543838977814	-0.3230089992284775	0.021157696843147278	0.1981486976146698	[5771, 5770, 5770, 5770, 5770]	[5820, 5820, 5819, 5819, 5819]		
979.93525	2.3462500000000546	epochs															maze_arm	64.0
982.30175	7.01724999999999	epochs															feedback_and_iti	64.0
982.30175	0.9822500000000218	epochs															feedback_delay	64.0
983.301	1.9939999999999145	epochs															feedback	64.0
985.32975	3.98924999999997	epochs															iti	64.0
989.3385	6.688250000000039	epochs															maze	65.0
989.3385	4.628500000000031	epochs															maze_stem	65.0
989.358	13.72300000000007	trials	False	True	False	False	True	False	[0.5584534406661987, 0.44154655933380127, 0.19518476724624634, 0.8048152923583984]	0.3632687032222748	0.24636182188987732	-0.18163436651229858	0.12318092584609985	0.44154655933380127	[5863, 5863, 5863, 5862, 5862]	[5902, 5902, 5902, 5902, 5901]		
993.9885	2.038249999999948	epochs															maze_arm	65.0
996.04475	7.01724999999999	epochs															feedback_and_iti	65.0
996.04475	0.9839999999999236	epochs															feedback_delay	65.0
997.051	1.9789999999999281	epochs															feedback	65.0
999.0805	3.9814999999999827	epochs															iti	65.0
1003.081	6.84050000000002	epochs															maze	66.0
1003.081	4.886750000000006	epochs															maze_stem	66.0
1003.102	13.879999999999995	trials	False	True	False	False	True	False	[0.45047569274902344, 0.5495243072509766, 0.19810879230499268, 0.8018912076950073]	0.25236690044403076	0.3514155149459839	-0.12618345022201538	0.17570775747299194	0.5495243072509766	[5945, 5945, 5945, 5945, 5945]	[5985, 5985, 5985, 5985, 5985]		
1007.9865	1.9350000000000591	epochs															maze_arm	66.0
1009.9405	7.019499999999994	epochs															feedback_and_iti	66.0
1009.9405	0.9872499999999036	epochs															feedback_delay	66.0
1010.94925	1.9800000000000182	epochs															feedback	66.0
1012.97075	3.9892500000000837	epochs															iti	66.0
1016.982	6.416500000000042	epochs															maze	67.0
1016.982	4.434000000000083	epochs															maze_stem	67.0
1017.00525	11.60924999999986	trials	False	True	False	True	True	True	[0.39197197556495667, 0.608027994632721, 0.20136138796806335, 0.798638641834259]	0.1906106173992157	0.40666663646698	0.09530532360076904	0.20333331823349	0.798638641834259	[6029, 6029, 6028, 6028, 6028]	[6066, 6066, 6066, 6066, 6066]		
1021.43825	1.9602499999999736	epochs															maze_arm	67.0
1023.4155	5.179750000000126	epochs															feedback_and_iti	67.0
1023.4155	0.9959999999999809	epochs															feedback_delay	67.0
1024.4345	1.9614999999998872	epochs															feedback	67.0
1026.6015	1.993750000000091	epochs															iti	67.0
1028.6145	8.25825000000009	epochs															maze	68.0
1028.6145	6.285000000000082	epochs															maze_stem	68.0
1028.63225	13.490999999999985	trials	True	True	False	False	False	True	[0.5438463091850281, 0.4561536908149719, 0.1575416475534439, 0.8424583673477173]	0.38630466908216476	0.2986120507121086	0.19315233081579208	-0.149306021630764	0.5438463091850281	[6099, 6098, 6098, 6098, 6098]	[6147, 6147, 6147, 6147, 6146]		
1034.919	1.9537499999999	epochs															maze_arm	68.0
1036.8925	5.206250000000182	epochs															feedback_and_iti	68.0
1036.8925	0.9997500000001764	epochs															feedback_delay	68.0
1037.912	1.9745000000000346	epochs															feedback	68.0
1040.1165	1.9822500000000218	epochs															iti	68.0
1042.12325	7.891499999999951	epochs															maze	69.0
1042.12325	6.0534999999999854	epochs															maze_stem	69.0
1042.14375	13.089750000000095	trials	False	True	False	True	True	True	[0.7527808547019958, 0.24721919000148773, 0.19946597516536713, 0.8005340099334717]	0.5533148497343063	0.04775318503379822	0.276657409965992	0.023876599967479706	0.8005340099334717	[6180, 6179, 6179, 6179, 6179]	[6226, 6226, 6225, 6225, 6225]		
1048.19625	1.8185000000000855	epochs															maze_arm	69.0
1050.03425	5.176249999999982	epochs															feedback_and_iti	69.0
1050.03425	0.99350000000004	epochs															feedback_delay	69.0
1051.0485	1.9669999999998709	epochs															feedback	69.0
1053.2035	2.0069999999998345	epochs															iti	69.0
1055.2335	6.7849999999998545	epochs															maze	70.0
1055.2335	4.930000000000064	epochs															maze_stem	70.0
1055.25625	11.965750000000071	trials	False	True	False	True	True	True	[0.6598759293556213, 0.34012407064437866, 0.15672196447849274, 0.8432780504226685]	0.5031539723277092	0.18340211361646652	0.2515769898891449	0.09170106053352356	0.8432780504226685	[6258, 6258, 6258, 6258, 6257]	[6298, 6298, 6297, 6297, 6297]		
1060.18125	1.8372499999998126	epochs															maze_arm	70.0
1062.0375	5.161250000000109	epochs															feedback_and_iti	70.0
1062.0375	0.98700000000008	epochs															feedback_delay	70.0
1063.043	1.9837500000001	epochs															feedback	70.0
1065.2085	1.99025000000006	epochs															iti	70.0
1067.222	10.399499999999989	epochs															maze	71.0
1067.222	7.491250000000036	epochs															maze_stem	71.0
1067.24625	15.621499999999969	trials	False	True	False	False	False	True	[0.6552842259407043, 0.34471577405929565, 0.15236206352710724, 0.8476378917694092]	0.5029221400618553	0.19235368818044662	0.25146108120679855	-0.09617685526609421	0.6552842259407043	[6330, 6330, 6330, 6329, 6329]	[6391, 6391, 6391, 6391, 6391]		
1074.73175	2.889750000000049	epochs															maze_arm	71.0
1077.63775	5.207499999999982	epochs															feedback_and_iti	71.0
1077.63775	0.9994999999998981	epochs															feedback_delay	71.0
1078.657	1.9762500000001637	epochs															feedback	71.0
1080.84625	1.9990000000000236	epochs															iti	71.0
1082.86775	10.12175000000002	epochs															maze	72.0
1082.86775	6.690000000000055	epochs															maze_stem	72.0
1082.89125	15.318750000000136	trials	False	True	False	False	False	True	[0.7862119674682617, 0.2137879878282547, 0.18046577274799347, 0.8195342421531677]	0.6057462245225906	0.03332224488258362	0.3028730973601341	-0.016661129891872406	0.7862119674682617	[6424, 6424, 6423, 6423, 6423]	[6484, 6483, 6483, 6483, 6483]		
1089.57825	3.4112499999998818	epochs															maze_arm	72.0
1093.0065	5.183250000000044	epochs															feedback_and_iti	72.0
1093.0065	0.984000000000151	epochs															feedback_delay	72.0
1094.008	1.9980000000000473	epochs															feedback	72.0
1096.24875	1.941000000000031	epochs															iti	72.0
1098.21	10.258000000000038	epochs															maze	73.0
1098.21	7.666749999999865	epochs															maze_stem	73.0
1098.228	15.454250000000002	trials	False	True	False	False	False	True	[0.8234908580780029, 0.17650921642780304, 0.1784108579158783, 0.8215891122817993]	0.6450799480080605	-0.0019016936421394348	0.3225400000810623	0.0009508579969406128	0.8234908580780029	[6516, 6516, 6515, 6515, 6515]	[6576, 6576, 6576, 6576, 6576]		
1105.8965	2.5715000000000146	epochs															maze_arm	73.0
1108.483	5.173750000000155	epochs															feedback_and_iti	73.0
1108.483	0.990500000000111	epochs															feedback_delay	73.0
1109.49175	1.98700000000008	epochs															feedback	73.0
1111.673	1.9837500000001	epochs															iti	73.0
1113.68225	17.609249999999975	epochs															maze	74.0
1113.68225	9.586000000000013	epochs															maze_stem	74.0
1113.7035	22.794750000000022	trials	True	True	False	False	False	True	[0.8404474258422852, 0.15955261886119843, 0.18104508519172668, 0.8189548850059509]	0.6594023033976555	-0.021492503583431244	0.32970117032527924	0.01074625551700592	0.8404474258422852	[6609, 6608, 6608, 6608, 6608]	[6713, 6713, 6713, 6713, 6712]		
1123.29	8.001500000000078	epochs															maze_arm	74.0
1131.312	5.1652500000000146	epochs															feedback_and_iti	74.0
1131.312	0.99675000000002	epochs															feedback_delay	74.0
1132.3285	1.9729999999999563	epochs															feedback	74.0
1134.49675	1.9804999999998927	epochs															iti	74.0
1136.49825	7.603749999999991	epochs															maze	75.0
1136.49825	5.263999999999896	epochs															maze_stem	75.0
1136.51825	12.805499999999938	trials	False	True	False	True	True	True	[0.8803912997245789, 0.11960869282484055, 0.1956421434879303, 0.8043578863143921]	0.6847491748631	-0.07603343203663826	0.34237459674477577	-0.03801671043038368	0.8043578863143921	[6745, 6745, 6745, 6745, 6745]	[6790, 6790, 6790, 6789, 6789]		
1141.78275	2.319250000000011	epochs															maze_arm	75.0
1144.119	5.184750000000122	epochs															feedback_and_iti	75.0
1144.119	0.9837500000001	epochs															feedback_delay	75.0
1145.11975	1.9827499999998963	epochs															feedback	75.0
1147.33325	1.9705000000001291	epochs															iti	75.0
1149.32375	7.417249999999967	epochs															maze	76.0
1149.32375	5.753750000000082	epochs															maze_stem	76.0
1149.34275	12.610500000000002	trials	True	True	False	True	True	True	[0.8441111445426941, 0.15588881075382233, 0.16355861723423004, 0.8364413976669312]	0.6805525571107864	-0.007669776678085327	0.3402762934565544	-0.0038348957896232605	0.8364413976669312	[6822, 6822, 6822, 6822, 6821]	[6866, 6866, 6865, 6865, 6865]		
1155.104	1.6369999999999436	epochs															maze_arm	76.0
1156.76175	5.166000000000167	epochs															feedback_and_iti	76.0
1156.76175	0.9822500000000218	epochs															feedback_delay	76.0
1157.76475	1.98174999999992	epochs															feedback	76.0
1159.93225	1.9954999999999927	epochs															iti	76.0
1161.95325	10.131750000000011	epochs															maze	77.0
1161.95325	7.857999999999947	epochs															maze_stem	77.0
1161.978	15.319499999999834	trials	False	True	False	False	False	True	[0.847332775592804, 0.15266728401184082, 0.1771031767129898, 0.8228967785835266]	0.67022954672575	-0.024435944855213165	0.3351147994399071	0.012217976152896881	0.847332775592804	[6898, 6898, 6898, 6897, 6897]	[6958, 6958, 6957, 6957, 6957]		
1169.832	2.252999999999929	epochs															maze_arm	77.0
1172.106	5.170749999999998	epochs															feedback_and_iti	77.0
1172.106	1.003500000000031	epochs															feedback_delay	77.0
1173.13925	1.959250000000111	epochs															feedback	77.0
1175.3015	1.97524999999996	epochs															iti	77.0
1177.2975	7.626250000000027	epochs															maze	78.0
1177.2975	5.889000000000124	epochs															maze_stem	78.0
1177.31725	12.814249999999902	trials	True	True	False	True	True	True	[0.8498339653015137, 0.15016606450080872, 0.1703588366508484, 0.8296411633491516]	0.6794751137495041	-0.020192787051200867	0.33973754942417145	-0.010096386075019836	0.8296411633491516	[6990, 6990, 6990, 6989, 6989]	[7035, 7035, 7034, 7034, 7034]		
1183.20675	1.7169999999998709	epochs															maze_arm	78.0
1184.94475	5.167499999999791	epochs															feedback_and_iti	78.0
1184.94475	0.9859999999998763	epochs															feedback_delay	78.0
1185.95525	1.97849999999994	epochs															feedback	78.0
1188.12525	1.9869999999998527	epochs															iti	78.0
1190.1315	12.201250000000073	epochs															maze	79.0
1190.1315	9.486499999999978	epochs															maze_stem	79.0
1190.15525	17.386749999999893	trials	False	True	False	False	False	True	[0.8449890613555908, 0.15501095354557037, 0.17799749970436096, 0.8220025300979614]	0.6669915691018105	-0.02298653870820999	0.33349578082561493	0.011493280529975891	0.8449890613555908	[7067, 7067, 7067, 7066, 7066]	[7139, 7139, 7139, 7139, 7138]		
1199.636	2.6967500000000655	epochs															maze_arm	79.0
1202.35425	5.16274999999996	epochs															feedback_and_iti	79.0
1202.35425	0.9892499999998563	epochs															feedback_delay	79.0
1203.364	1.986750000000029	epochs															feedback	79.0
1205.545	1.97199999999998	epochs															iti	79.0
1207.542	7.30275000000006	epochs															maze	80.0
1207.542	5.357750000000124	epochs															maze_stem	80.0
1207.56175	12.477249999999913	trials	True	True	False	True	True	True	[0.8497336506843567, 0.1502663940191269, 0.16748888790607452, 0.8325110673904419]	0.6822447180747986	-0.017222538590431213	0.3411223366856575	-0.008611269295215607	0.8325110673904419	[7171, 7171, 7171, 7171, 7171]	[7214, 7214, 7214, 7214, 7213]		
1212.921	1.9237499999999272	epochs															maze_arm	80.0
1214.86625	5.150499999999965	epochs															feedback_and_iti	80.0
1214.86625	0.9932499999999891	epochs															feedback_delay	80.0
1215.878	1.97400000000016	epochs															feedback	80.0
1218.04925	1.9674999999999727	epochs															iti	80.0
1220.039	9.194250000000011	epochs															maze	81.0
1220.039	6.948249999999916	epochs															maze_stem	81.0
1220.0595	14.370499999999993	trials	False	True	False	True	True	True	[0.8446335196495056, 0.1553664654493332, 0.17641571164131165, 0.8235843181610107]	0.6682178303599358	-0.021049223840236664	0.3341089263558388	-0.010524608194828033	0.8235843181610107	[7246, 7246, 7246, 7246, 7245]	[7300, 7300, 7300, 7300, 7300]		
1227.00725	2.2259999999998854	epochs															maze_arm	81.0
1229.25025	5.161000000000058	epochs															feedback_and_iti	81.0
1229.25025	0.9957500000000437	epochs															feedback_delay	81.0
1230.264	1.9827500000001237	epochs															feedback	81.0
1232.44475	1.9664999999999964	epochs															iti	81.0
1234.43	8.339249999999993	epochs															maze	82.0
1234.43	5.86850000000004	epochs															maze_stem	82.0
1234.4505	13.531000000000176	trials	False	True	False	True	True	True	[0.8365951180458069, 0.16340482234954834, 0.14867258071899414, 0.8513274788856506]	0.6879225969314575	0.014732301235198975	0.34396132826805115	0.007366150617599487	0.8513274788856506	[7333, 7332, 7332, 7332, 7332]	[7382, 7381, 7381, 7381, 7381]		
1240.31875	2.4505000000001473	epochs															maze_arm	82.0
1242.78475	5.17775000000006	epochs															feedback_and_iti	82.0
1242.78475	0.9947500000000673	epochs															feedback_delay	82.0
1243.7975	1.9745000000000346	epochs															feedback	82.0
1245.9865	1.9760000000001128	epochs															iti	82.0
1247.9815	8.343499999999949	epochs															maze	83.0
1247.9815	6.070999999999913	epochs															maze_stem	83.0
1248.00125	13.539749999999913	trials	False	True	False	False	False	True	[0.8383423686027527, 0.16165758669376373, 0.1519436538219452, 0.8480563759803772]	0.6863987520337105	0.009713970124721527	0.34319935739040375	-0.004856988787651062	0.8383423686027527	[7414, 7414, 7413, 7413, 7413]	[7463, 7463, 7462, 7462, 7462]		
1254.0715	2.253500000000031	epochs															maze_arm	83.0
1256.3415	5.175500000000056	epochs															feedback_and_iti	83.0
1256.3415	0.9882500000001073	epochs															feedback_delay	83.0
1257.347	1.975500000000011	epochs															feedback	83.0
1259.54175	1.97524999999996	epochs															iti	83.0
1261.541	10.106500000000096	epochs															maze	84.0
1261.541	7.441000000000031	epochs															maze_stem	84.0
1261.56075	15.302749999999833	trials	False	True	False	False	False	True	[0.848530113697052, 0.1514698565006256, 0.17002248764038086, 0.8299774527549744]	0.67850761115551	-0.018552646040916443	0.33925381302833557	0.00927630066871643	0.848530113697052	[7495, 7495, 7495, 7494, 7494]	[7555, 7555, 7554, 7554, 7554]		
1269.00125	2.646250000000009	epochs															maze_arm	84.0
1271.665	5.1784999999999854	epochs															feedback_and_iti	84.0
1271.665	0.9950000000001182	epochs															feedback_delay	84.0
1272.67625	1.9822500000000218	epochs															feedback	84.0
1274.858	1.9855000000000018	epochs															iti	84.0
1276.8635	7.2000000000000455	epochs															maze	85.0
1276.8635	5.2590000000000146	epochs															maze_stem	85.0
1276.8815	12.404999999999973	trials	False	True	False	True	True	True	[0.8507991433143616, 0.14920088648796082, 0.17075462639331818, 0.829245388507843]	0.6800445094704628	-0.021553747355937958	0.3400222510099411	-0.010776862502098083	0.829245388507843	[7587, 7587, 7587, 7586, 7586]	[7629, 7629, 7629, 7629, 7628]		
1282.14275	1.9207499999999982	epochs															maze_arm	85.0
1284.07825	5.185749999999871	epochs															feedback_and_iti	85.0
1284.07825	0.9857500000000528	epochs															feedback_delay	85.0
1285.08075	1.993249999999989	epochs															feedback	85.0
1287.286	1.977999999999838	epochs															iti	85.0
1289.2865	7.578500000000076	epochs															maze	86.0
1289.2865	5.56574999999998	epochs															maze_stem	86.0
1289.31	12.754750000000058	trials	False	True	False	True	True	True	[0.8511796593666077, 0.14882031083106995, 0.15147529542446136, 0.8485246300697327]	0.6997043415904045	-0.0026550069451332092	0.34985215961933136	-0.0013275295495986938	0.8485246300697327	[7661, 7661, 7661, 7661, 7661]	[7706, 7706, 7706, 7705, 7705]		
1294.87475	1.99025000000006	epochs															maze_arm	86.0
1296.88325	5.160499999999956	epochs															feedback_and_iti	86.0
1296.88325	0.9852499999999509	epochs															feedback_delay	86.0
1297.88775	1.9827499999998963	epochs															feedback	86.0
1300.067	1.9767500000000382	epochs															iti	86.0
1302.06475	9.838500000000067	epochs															maze	87.0
1302.06475	7.73174999999992	epochs															maze_stem	87.0
1302.0845	16.876999999999953	trials	False	True	False	True	False	False	[0.8530659079551697, 0.14693409204483032, 0.15245705842971802, 0.847542941570282]	0.7006088495254517	-0.005522966384887695	-0.35030442476272583	0.0027614831924438477	0.15245705842971802	[7738, 7738, 7738, 7737, 7737]	[7796, 7796, 7796, 7796, 7795]		
1309.82075	2.082499999999982	epochs															maze_arm	87.0
1311.923	7.0150000000001	epochs															feedback_and_iti	87.0
1311.923	0.9947500000000673	epochs															feedback_delay	87.0
1312.93975	1.9707499999999527	epochs															feedback	87.0
1314.95125	3.986750000000029	epochs															iti	87.0
1318.9615	6.979500000000144	epochs															maze	88.0
1318.9615	4.662750000000187	epochs															maze_stem	88.0
1318.98	12.16599999999994	trials	False	True	False	True	True	True	[0.7390995621681213, 0.2609004080295563, 0.30623704195022583, 0.6937629580497742]	0.4328625351190567	-0.04533661901950836	0.21643127501010895	-0.022668316960334778	0.6937629580497742	[7839, 7839, 7839, 7839, 7839]	[7880, 7880, 7880, 7880, 7879]		
1323.6435	2.2975000000001273	epochs															maze_arm	88.0
1325.9585	5.167500000000018	epochs															feedback_and_iti	88.0
1325.9585	0.984000000000151	epochs															feedback_delay	88.0
1326.95975	1.9829999999999472	epochs															feedback	88.0
1329.12875	1.9972499999998945	epochs															iti	88.0
1331.146	8.104749999999967	epochs															maze	89.0
1331.146	5.388249999999971	epochs															maze_stem	89.0
1331.16675	15.145999999999958	trials	False	True	False	False	True	False	[0.8502904772758484, 0.14970950782299042, 0.2258358895778656, 0.774164080619812]	0.6244545802474022	-0.07612638920545578	-0.3122272863984108	-0.038063205778598785	0.14970950782299042	[7912, 7912, 7912, 7912, 7912]	[7960, 7960, 7960, 7959, 7959]		
1336.5555	2.6952499999999873	epochs															maze_arm	89.0
1339.26975	7.020750000000135	epochs															feedback_and_iti	89.0
1339.26975	0.9890000000000327	epochs															feedback_delay	89.0
1340.27475	1.9890000000000327	epochs															feedback	89.0
1342.29875	3.9917500000001382	epochs															iti	89.0
1346.31275	6.040499999999838	epochs															maze	90.0
1346.31275	4.408750000000055	epochs															maze_stem	90.0
1346.33125	13.083250000000135	trials	False	True	False	False	True	False	[0.6036478281021118, 0.39635220170021057, 0.2049579620361328, 0.7950420379638672]	0.3986898511648178	0.19139422476291656	-0.1993449181318283	0.09569711983203888	0.39635220170021057	[8003, 8003, 8003, 8003, 8003]	[8039, 8038, 8038, 8038, 8038]		
1350.74175	1.6114999999999782	epochs															maze_arm	90.0
1352.37025	7.024000000000115	epochs															feedback_and_iti	90.0
1352.37025	0.9942499999999654	epochs															feedback_delay	90.0
1353.38025	1.987250000000131	epochs															feedback	90.0
1355.40475	3.9895000000001346	epochs															iti	90.0
1359.4145	6.451749999999947	epochs															maze	91.0
1359.4145	4.50324999999998	epochs															maze_stem	91.0
1359.4375	11.647249999999985	trials	False	True	False	True	True	True	[0.4817425608634949, 0.5182574391365051, 0.21740268170833588, 0.7825973629951477]	0.2643399015069008	0.30085477977991104	0.1321699619293213	0.15042740106582642	0.7825973629951477	[8082, 8082, 8082, 8081, 8081]	[8120, 8119, 8119, 8119, 8119]		
1363.936	1.9302500000001146	epochs															maze_arm	91.0
1365.88425	5.181749999999965	epochs															feedback_and_iti	91.0
1365.88425	0.9929999999999382	epochs															feedback_delay	91.0
1366.8955	1.987999999999829	epochs															feedback	91.0
1369.079	1.98700000000008	epochs															iti	91.0
1371.08475	7.583750000000009	epochs															maze	92.0
1371.08475	5.5625	epochs															maze_stem	92.0
1371.10475	12.75825000000009	trials	False	True	False	True	True	True	[0.6167795658111572, 0.3832204341888428, 0.1695859432220459, 0.8304140567779541]	0.44719362258911133	0.21363449096679688	0.22359681129455566	0.10681724548339844	0.8304140567779541	[8152, 8152, 8151, 8151, 8151]	[8196, 8196, 8196, 8196, 8196]		
1376.66825	2.000250000000051	epochs															maze_arm	92.0
1378.68375	5.1557500000001255	epochs															feedback_and_iti	92.0
1378.68375	0.9907500000001619	epochs															feedback_delay	92.0
1379.6965	1.975500000000011	epochs															feedback	92.0
1381.84675	1.9927500000001146	epochs															iti	92.0
1383.863	10.346000000000004	epochs															maze	93.0
1383.863	7.712499999999864	epochs															maze_stem	93.0
1383.885	15.538999999999987	trials	False	True	False	False	False	True	[0.61483234167099, 0.38516759872436523, 0.1609807014465332, 0.8390192985534668]	0.4538516700267792	0.22418692708015442	0.2269258201122284	-0.1120934784412384	0.61483234167099	[8228, 8228, 8228, 8228, 8228]	[8290, 8289, 8289, 8289, 8289]		
1391.597	2.61200000000008	epochs															maze_arm	93.0
1394.2245	5.178750000000036	epochs															feedback_and_iti	93.0
1394.2245	0.9937499999998636	epochs															feedback_delay	93.0
1395.23425	1.9757500000000618	epochs															feedback	93.0
1397.424	1.9792500000000928	epochs															iti	93.0
1399.424	7.958000000000084	epochs															maze	94.0
1399.424	6.098999999999933	epochs															maze_stem	94.0
1399.445	13.137500000000045	trials	False	True	False	True	True	True	[0.773517370223999, 0.22648261487483978, 0.1926691234111786, 0.8073309063911438]	0.5808482691645622	0.033813513815402985	0.290424145758152	0.01690676063299179	0.8073309063911438	[8322, 8322, 8321, 8321, 8321]	[8369, 8368, 8368, 8368, 8368]		
1405.5425	1.8395000000000437	epochs															maze_arm	94.0
1407.399	5.16475000000014	epochs															feedback_and_iti	94.0
1407.399	0.984000000000151	epochs															feedback_delay	94.0
1408.4015	1.9862500000001546	epochs															feedback	94.0
1410.577	1.986750000000029	epochs															iti	94.0
1412.5825	7.212999999999965	epochs															maze	95.0
1412.5825	5.755000000000109	epochs															maze_stem	95.0
1412.60175	12.405999999999949	trials	False	True	False	True	True	True	[0.7013131976127625, 0.29868680238723755, 0.1570497751235962, 0.8429502248764038]	0.5442634224891663	0.14163702726364136	0.27213171124458313	0.07081851363182068	0.8429502248764038	[8401, 8400, 8400, 8400, 8400]	[8443, 8443, 8443, 8442, 8442]		
1418.36025	1.4352499999999964	epochs															maze_arm	95.0
1419.8135	5.1684999999999945	epochs															feedback_and_iti	95.0
1419.8135	0.9874999999999545	epochs															feedback_delay	95.0
1420.8215	1.9757500000000618	epochs															feedback	95.0
1423.00975	1.972250000000031	epochs															iti	95.0
1425.00775	7.415750000000116	epochs															maze	96.0
1425.00775	5.051750000000084	epochs															maze_stem	96.0
1425.03175	12.600749999999834	trials	False	True	False	True	True	True	[0.7008641958236694, 0.2991357743740082, 0.15577979385852814, 0.8442202210426331]	0.5450844243168831	0.14335600286722183	0.27254222333431244	0.07167799770832062	0.8442202210426331	[8475, 8475, 8475, 8475, 8474]	[8519, 8518, 8518, 8518, 8518]		
1430.08125	2.342250000000149	epochs															maze_arm	96.0
1432.44075	5.169750000000022	epochs															feedback_and_iti	96.0
1432.44075	0.9929999999999382	epochs															feedback_delay	96.0
1433.45475	1.9704999999999018	epochs															feedback	96.0
1435.61125	1.9992500000000746	epochs															iti	96.0
1437.6325	7.591750000000047	epochs															maze	97.0
1437.6325	5.218000000000075	epochs															maze_stem	97.0
1437.65425	14.623749999999973	trials	False	True	False	True	False	False	[0.6953433156013489, 0.3046566843986511, 0.15348686277866364, 0.8465130925178528]	0.5418564304709435	0.1511697992682457	-0.2709282264113426	-0.07558491080999374	0.15348686277866364	[8551, 8551, 8550, 8550, 8550]	[8595, 8595, 8595, 8595, 8595]		
1442.86975	2.3544999999999163	epochs															maze_arm	97.0
1445.2425	7.016999999999825	epochs															feedback_and_iti	97.0
1445.2425	0.9900000000000091	epochs															feedback_delay	97.0
1446.25025	1.984749999999849	epochs															feedback	97.0
1448.284	3.9754999999997835	epochs															iti	97.0
1452.278	8.738749999999982	epochs															maze	98.0
1452.278	6.352249999999913	epochs															maze_stem	98.0
1452.29825	13.91599999999994	trials	True	True	False	False	False	True	[0.6170815825462341, 0.3829183876514435, 0.3535352051258087, 0.6464647650718689]	0.2635463774204254	0.029383182525634766	0.1317731887102127	-0.014691606163978577	0.6170815825462341	[8639, 8638, 8638, 8638, 8638]	[8690, 8690, 8690, 8690, 8689]		
1458.65575	2.3610000000001037	epochs															maze_arm	98.0
1461.03525	5.15825000000018	epochs															feedback_and_iti	98.0
1461.03525	0.9952500000001692	epochs															feedback_delay	98.0
1462.051	1.9695000000001528	epochs															feedback	98.0
1464.20025	1.993249999999989	epochs															iti	98.0
1466.21425	8.400249999999915	epochs															maze	99.0
1466.21425	6.086250000000064	epochs															maze_stem	99.0
1466.233	13.578500000000076	trials	False	True	False	True	True	True	[0.8046687245368958, 0.19533123075962067, 0.3253498077392578, 0.6746501922607422]	0.47931893914937973	-0.13001855462789536	0.23965948075056076	-0.06500928848981857	0.6746501922607422	[8722, 8722, 8722, 8722, 8721]	[8772, 8771, 8771, 8771, 8771]		
1472.32275	2.2917499999998654	epochs															maze_arm	99.0
1474.62975	5.158750000000055	epochs															feedback_and_iti	99.0
1474.62975	0.9962499999999181	epochs															feedback_delay	99.0
1475.6435	1.9780000000000655	epochs															feedback	99.0
1477.80425	1.984250000000202	epochs															iti	99.0
1479.8115	7.122499999999945	epochs															maze	100.0
1479.8115	5.205500000000029	epochs															maze_stem	100.0
1479.8315	14.157999999999902	trials	False	False	True	True	True	False	[0.7557502388954163, 0.24424973130226135, 0.22122183442115784, 0.7787781357765198]	0.5345284044742584	0.023027896881103516	0.2672642022371292	0.011513933539390564	0.7787781357765198	[8804, 8804, 8803, 8803, 8803]	[8846, 8845, 8845, 8845, 8845]		
1485.03475	1.8992499999999382	epochs															maze_arm	100.0
1486.9535	7.0190000000000055	epochs															feedback_and_iti	100.0
1486.9535	0.9942499999999654	epochs															feedback_delay	100.0
1487.96575	1.9729999999999563	epochs															feedback	100.0
1489.974	3.998500000000149	epochs															iti	100.0
1493.9895	6.03650000000016	epochs															maze	101.0
1493.9895	4.31450000000018	epochs															maze_stem	101.0
1494.01175	13.06775000000016	trials	False	False	False	True	True	False	[0.6588908433914185, 0.34110912680625916, 0.23948337137699127, 0.7605166435241699]	0.419407494366169	0.10162577778100967	0.20970375835895538	0.05081288516521454	0.7605166435241699	[8889, 8889, 8888, 8888, 8888]	[8924, 8924, 8924, 8923, 8923]		
1498.3215	1.7045000000000528	epochs															maze_arm	101.0
1500.042	7.017500000000155	epochs															feedback_and_iti	101.0
1500.042	0.9850000000001273	epochs															feedback_delay	101.0
1501.04725	1.9832499999999982	epochs															feedback	101.0
1503.06675	3.9927500000001146	epochs															iti	101.0
1507.0795	6.039250000000038	epochs															maze	102.0
1507.0795	4.338999999999942	epochs															maze_stem	102.0
1507.09775	13.086000000000013	trials	False	False	False	True	True	False	[0.6353356838226318, 0.36466434597969055, 0.24249279499053955, 0.7575072050094604]	0.3928428739309311	0.12217153608798981	0.19642142951488495	0.0610857754945755	0.7575072050094604	[8967, 8967, 8967, 8967, 8966]	[9003, 9002, 9002, 9002, 9002]		
1511.43525	1.6835000000000946	epochs															maze_arm	102.0
1513.13275	7.031750000000102	epochs															feedback_and_iti	102.0
1513.13275	0.9972500000001219	epochs															feedback_delay	102.0
1514.14825	1.9857500000000528	epochs															feedback	102.0
1516.169	3.9954999999999927	epochs															iti	102.0
1520.18375	7.841000000000122	epochs															maze	103.0
1520.18375	5.486750000000029	epochs															maze_stem	103.0
1520.2035	14.891999999999825	trials	False	False	False	False	False	False	[0.6207972764968872, 0.3792027235031128, 0.24622821807861328, 0.7537717223167419]	0.37456902861595154	0.13297447562217712	0.18728452920913696	-0.06648725271224976	0.6207972764968872	[9046, 9046, 9045, 9045, 9045]	[9092, 9092, 9091, 9091, 9091]		
1525.6885	2.3362500000000637	epochs															maze_arm	103.0
1528.046	7.022500000000036	epochs															feedback_and_iti	103.0
1528.046	0.9872499999999036	epochs															feedback_delay	103.0
1529.06025	1.9707499999999527	epochs															feedback	103.0
1531.076	3.9925000000000637	epochs															iti	103.0
1535.0955	9.818750000000136	epochs															maze	104.0
1535.0955	7.331250000000182	epochs															maze_stem	104.0
1535.1195	16.84400000000005	trials	False	False	False	False	False	False	[0.5887627601623535, 0.4112372398376465, 0.31853288412094116, 0.6814671158790588]	0.27022987604141235	0.09270435571670532	0.13511493802070618	-0.04635217785835266	0.5887627601623535	[9135, 9135, 9135, 9135, 9134]	[9193, 9193, 9193, 9193, 9192]		
1542.4465	2.4677500000000236	epochs															maze_arm	104.0
1544.9335	7.008749999999964	epochs															feedback_and_iti	104.0
1544.9335	1.0054999999999836	epochs															feedback_delay	104.0
1545.965	1.9522500000000491	epochs															feedback	104.0
1547.95475	3.9874999999999545	epochs															iti	104.0
1551.9635	7.569999999999936	epochs															maze	105.0
1551.9635	5.3689999999999145	epochs															maze_stem	105.0
1551.982	14.617250000000013	trials	False	False	False	False	False	False	[0.5912388563156128, 0.4087611138820648, 0.43339550495147705, 0.566604495048523]	0.15784336626529694	-0.024634376168251038	0.07892167568206787	0.012317180633544922	0.5912388563156128	[9236, 9236, 9236, 9236, 9236]	[9281, 9281, 9280, 9280, 9280]		
1557.3545	2.1790000000000873	epochs															maze_arm	105.0
1559.554	7.025750000000016	epochs															feedback_and_iti	105.0
1559.554	0.9845000000000255	epochs															feedback_delay	105.0
1560.571	1.9847500000000764	epochs															feedback	105.0
1562.59725	3.9825000000000728	epochs															iti	105.0
1566.59925	7.08075000000008	epochs															maze	106.0
1566.59925	5.349999999999909	epochs															maze_stem	106.0
1566.6215	12.29600000000005	trials	False	False	False	False	True	True	[0.6162627339363098, 0.3837372362613678, 0.5448600053787231, 0.45513996481895447]	0.07140272855758667	-0.16112276911735535	-0.035701364278793335	-0.08056139945983887	0.3837372362613678	[9324, 9324, 9324, 9324, 9323]	[9366, 9365, 9365, 9365, 9365]		
1571.97125	1.708750000000009	epochs															maze_arm	106.0
1573.70125	5.195249999999987	epochs															feedback_and_iti	106.0
1573.70125	0.9977499999999964	epochs															feedback_delay	106.0
1574.72525	1.9615000000001146	epochs															feedback	106.0
1576.90325	1.993249999999989	epochs															iti	106.0
1578.9175	10.666750000000093	epochs															maze	107.0
1578.9175	8.64799999999991	epochs															maze_stem	107.0
1578.93575	17.70699999999988	trials	True	False	False	True	True	False	[0.4249577224254608, 0.5750422477722168, 0.410173624753952, 0.5898263454437256]	0.014784097671508789	0.16486862301826477	0.0073920488357543945	0.08243429660797119	0.5898263454437256	[9398, 9398, 9398, 9397, 9397]	[9461, 9461, 9461, 9460, 9460]		
1587.583	2.0012500000000273	epochs															maze_arm	107.0
1589.6045	7.01825000000008	epochs															feedback_and_iti	107.0
1589.6045	0.9815000000000964	epochs															feedback_delay	107.0
1590.60625	1.984749999999849	epochs															feedback	107.0
1592.62725	3.9954999999999927	epochs															iti	107.0
1596.64275	7.792500000000018	epochs															maze	108.0
1596.64275	5.111000000000104	epochs															maze_stem	108.0
1596.6645	14.821749999999838	trials	False	False	False	False	False	False	[0.4780346155166626, 0.5219653844833374, 0.28344136476516724, 0.7165586352348328]	0.19459325075149536	0.23852401971817017	0.09729662537574768	-0.11926200985908508	0.4780346155166626	[9504, 9504, 9504, 9504, 9503]	[9550, 9550, 9550, 9549, 9549]		
1601.77325	2.6620000000000346	epochs															maze_arm	108.0
1604.456	7.011500000000069	epochs															feedback_and_iti	108.0
1604.456	0.9975000000001728	epochs															feedback_delay	108.0
1605.4775	1.962500000000091	epochs															feedback	108.0
1607.48475	3.9827499999998963	epochs															iti	108.0
1611.48625	8.60200000000009	epochs															maze	109.0
1611.48625	5.908000000000129	epochs															maze_stem	109.0
1611.50875	13.78300000000013	trials	True	False	False	False	True	True	[0.5666517615318298, 0.43334829807281494, 0.47532567381858826, 0.5246742963790894]	0.091326043009758	-0.0419774204492569	-0.04566299915313721	-0.02098870277404785	0.43334829807281494	[9593, 9593, 9593, 9593, 9592]	[9644, 9644, 9644, 9643, 9643]		
1617.4125	2.6757500000001073	epochs															maze_arm	109.0
1620.11475	5.157249999999976	epochs															feedback_and_iti	109.0
1620.11475	0.9797499999999673	epochs															feedback_delay	109.0
1621.1145	1.9882500000001073	epochs															feedback	109.0
1623.29125	1.9807499999999436	epochs															iti	109.0
1625.29175	7.892749999999978	epochs															maze	110.0
1625.29175	5.598250000000007	epochs															maze_stem	110.0
1625.311	13.094250000000102	trials	True	False	False	False	True	True	[0.4340549111366272, 0.5659450888633728, 0.4772450029850006, 0.5227550268173218]	-0.04319007694721222	0.08870010077953339	0.021595031023025513	0.04435005784034729	0.5659450888633728	[9676, 9676, 9676, 9675, 9675]	[9722, 9722, 9722, 9722, 9722]		
1630.91225	2.2722499999999854	epochs															maze_arm	110.0
1633.20425	5.180249999999887	epochs															feedback_and_iti	110.0
1633.20425	0.9997499999999491	epochs															feedback_delay	110.0
1634.225	1.9825000000000728	epochs															feedback	110.0
1636.394	1.9904999999998836	epochs															iti	110.0
1638.40525	8.587999999999965	epochs															maze	111.0
1638.40525	5.929750000000013	epochs															maze_stem	111.0
1638.4255	13.784750000000031	trials	False	False	False	False	True	True	[0.33816957473754883, 0.6618304252624512, 0.40240252017974854, 0.5975975394248962]	-0.06423291563987732	0.259427934885025	0.032116442918777466	0.1297139823436737	0.6618304252624512	[9755, 9754, 9754, 9754, 9754]	[9805, 9805, 9805, 9805, 9804]		
1644.35425	2.6389999999998963	epochs															maze_arm	111.0
1647.01375	5.17574999999988	epochs															feedback_and_iti	111.0
1647.01375	0.9924999999998363	epochs															feedback_delay	111.0
1648.02875	1.9829999999999472	epochs															feedback	111.0
1650.201	1.9884999999999309	epochs															iti	111.0
1652.21025	7.020249999999805	epochs															maze	112.0
1652.21025	5.29424999999992	epochs															maze_stem	112.0
1652.231	12.237499999999955	trials	False	False	False	False	True	True	[0.28981852531433105, 0.710181474685669, 0.3732041120529175, 0.6267958283424377]	-0.08338561654090881	0.3369773328304291	0.0416928231716156	0.16848865151405334	0.710181474685669	[9837, 9837, 9837, 9837, 9837]	[9879, 9878, 9878, 9878, 9878]		
1657.525	1.7054999999998017	epochs															maze_arm	112.0
1659.25275	5.1909999999998035	epochs															feedback_and_iti	112.0
1659.25275	0.9829999999999472	epochs															feedback_delay	112.0
1660.257	1.9909999999999854	epochs															feedback	112.0
1662.48025	1.96349999999984	epochs															iti	112.0
1664.4685	8.22849999999994	epochs															maze	113.0
1664.4685	5.61200000000008	epochs															maze_stem	113.0
1664.487	15.272249999999985	trials	False	False	False	True	True	False	[0.27970314025878906, 0.7202968597412109, 0.3761075735092163, 0.6238924264907837]	-0.09640443325042725	0.34418928623199463	-0.04820221662521362	0.17209464311599731	0.6238924264907837	[9911, 9911, 9911, 9910, 9910]	[9959, 9959, 9959, 9959, 9959]		
1670.0985	2.598499999999831	epochs															maze_arm	113.0
1672.717	7.02274999999986	epochs															feedback_and_iti	113.0
1672.717	0.9959999999998672	epochs															feedback_delay	113.0
1673.728	1.9794999999999163	epochs															feedback	113.0
1675.75275	3.9869999999998527	epochs															iti	113.0
1679.75925	6.6534999999998945	epochs															maze	114.0
1679.75925	4.3250000000000455	epochs															maze_stem	114.0
1679.7775	11.832499999999982	trials	False	False	False	True	False	True	[0.4548652768135071, 0.5451347231864929, 0.35926392674446106, 0.6407361030578613]	0.09560136497020721	0.18587081134319305	-0.04780067503452301	-0.09293539822101593	0.35926392674446106	[10003, 10002, 10002, 10002, 10002]	[10042, 10041, 10041, 10041, 10041]		
1684.10625	2.3064999999999145	epochs															maze_arm	114.0
1686.42975	5.161749999999984	epochs															feedback_and_iti	114.0
1686.42975	0.9927499999998872	epochs															feedback_delay	114.0
1687.44	1.9837499999998727	epochs															feedback	114.0
1689.61325	1.978249999999889	epochs															iti	114.0
1691.61	9.86525000000006	epochs															maze	115.0
1691.61	6.451250000000073	epochs															maze_stem	115.0
1691.62825	16.90975000000003	trials	False	False	False	True	True	False	[0.5092397928237915, 0.4907602369785309, 0.6168056130409241, 0.3831943869590759]	-0.10756583511829376	-0.12604539096355438	-0.05378292500972748	-0.0630226880311966	0.3831943869590759	[10074, 10073, 10073, 10073, 10073]	[10132, 10132, 10131, 10131, 10131]		
1698.0775	3.39774999999986	epochs															maze_arm	115.0
1701.489	7.031999999999925	epochs															feedback_and_iti	115.0
1701.489	0.9927499999998872	epochs															feedback_delay	115.0
1702.4995	1.987250000000131	epochs															feedback	115.0
1704.52225	3.9987499999999727	epochs															iti	115.0
1708.538	6.901749999999993	epochs															maze	116.0
1708.538	4.572750000000042	epochs															maze_stem	116.0
1708.556	13.941749999999956	trials	False	False	False	True	True	False	[0.4574333727359772, 0.5425666570663452, 0.4453057050704956, 0.5546942949295044]	0.012127652764320374	0.09726093709468842	0.00606381893157959	0.048630475997924805	0.5546942949295044	[10175, 10175, 10175, 10175, 10174]	[10216, 10215, 10215, 10215, 10215]		
1713.1305	2.30925000000002	epochs															maze_arm	116.0
1715.456	7.018500000000131	epochs															feedback_and_iti	116.0
1715.456	1.0	epochs															feedback_delay	116.0
1716.47425	1.97199999999998	epochs															feedback	116.0
1718.48125	3.993249999999989	epochs															iti	116.0
1722.49775	8.103749999999991	epochs															maze	117.0
1722.49775	4.908750000000055	epochs															maze_stem	117.0
1722.51775	13.289999999999964	trials	True	False	False	True	False	True	[0.43575000762939453, 0.5642499923706055, 0.3717690408229828, 0.6282309293746948]	0.06398095190525055	0.1924809366464615	-0.03199048340320587	-0.09624047577381134	0.3717690408229828	[10259, 10259, 10258, 10258, 10258]	[10306, 10306, 10306, 10306, 10306]		
1727.4275	3.173999999999978	epochs															maze_arm	117.0
1730.623	5.164749999999913	epochs															feedback_and_iti	117.0
1730.623	0.9900000000000091	epochs															feedback_delay	117.0
1731.6365	1.9747499999998581	epochs															feedback	117.0
1733.81925	1.968499999999949	epochs															iti	117.0
1735.80775	9.125999999999976	epochs															maze	118.0
1735.80775	6.72199999999998	epochs															maze_stem	118.0
1735.827	14.347250000000031	trials	True	False	False	False	True	True	[0.5210812091827393, 0.47891882061958313, 0.67948317527771, 0.32051679491996765]	-0.1584019958972931	-0.20056438446044922	0.07920101284980774	-0.10028219223022461	0.47891882061958313	[10339, 10338, 10338, 10338, 10338]	[10392, 10392, 10392, 10392, 10392]		
1742.55	2.3837499999999636	epochs															maze_arm	118.0
1744.954	5.201500000000124	epochs															feedback_and_iti	118.0
1744.954	0.9980000000000473	epochs															feedback_delay	118.0
1745.9735	1.9824999999998454	epochs															feedback	118.0
1748.17825	1.97725000000014	epochs															iti	118.0
1750.17425	7.598999999999933	epochs															maze	119.0
1750.17425	5.252999999999929	epochs															maze_stem	119.0
1750.1915	14.649499999999989	trials	False	False	False	True	True	False	[0.3264298141002655, 0.6735701560974121, 0.6516515016555786, 0.34834855794906616]	-0.32522164285182953	0.021918699145317078	-0.16261079907417297	0.010959357023239136	0.34834855794906616	[10425, 10425, 10424, 10424, 10424]	[10469, 10469, 10469, 10469, 10469]		
1755.44775	2.32549999999992	epochs															maze_arm	119.0
1757.799	7.02150000000006	epochs															feedback_and_iti	119.0
1757.799	0.9874999999999545	epochs															feedback_delay	119.0
1758.807	1.9842499999999745	epochs															feedback	119.0
1760.84575	3.9747500000000855	epochs															iti	119.0
1764.841	11.088750000000118	epochs															maze	120.0
1764.841	8.762750000000096	epochs															maze_stem	120.0
1764.86075	16.280250000000024	trials	False	False	False	False	True	True	[0.3595737814903259, 0.6404262185096741, 0.36497363448143005, 0.6350263357162476]	-0.00539986789226532	0.2754525691270828	0.002699941396713257	0.13772627711296082	0.6404262185096741	[10513, 10513, 10512, 10512, 10512]	[10578, 10578, 10578, 10578, 10577]		
1773.62375	2.30600000000004	epochs															maze_arm	120.0
1775.95075	5.1712500000001	epochs															feedback_and_iti	120.0
1775.95075	0.9867500000000291	epochs															feedback_delay	120.0
1776.959	1.9739999999999327	epochs															feedback	120.0
1779.14325	1.978749999999991	epochs															iti	120.0
1781.141	8.558499999999867	epochs															maze	121.0
1781.141	5.5844999999999345	epochs															maze_stem	121.0
1781.1615	15.581249999999955	trials	False	False	False	False	False	False	[0.23454491794109344, 0.7654551267623901, 0.3527587950229645, 0.6472411751747131]	-0.11821391433477402	0.4126962944865227	-0.059106938540935516	-0.20634814351797104	0.23454491794109344	[10610, 10610, 10610, 10610, 10610]	[10661, 10661, 10660, 10660, 10660]		
1786.75075	2.948750000000018	epochs															maze_arm	121.0
1789.72	7.005499999999984	epochs															feedback_and_iti	121.0
1789.72	0.9857500000000528	epochs															feedback_delay	121.0
1790.727	1.975500000000011	epochs															feedback	121.0
1792.74475	3.9807499999999436	epochs															iti	121.0
1796.74275	6.682500000000118	epochs															maze	122.0
1796.74275	4.482250000000022	epochs															maze_stem	122.0
1796.76125	13.727750000000015	trials	False	False	False	True	True	False	[0.4528317153453827, 0.5471683144569397, 0.573032021522522, 0.4269680082798004]	-0.12020030617713928	-0.025863707065582275	-0.06010015308856964	-0.012931838631629944	0.4269680082798004	[10704, 10704, 10704, 10703, 10703]	[10743, 10743, 10743, 10743, 10742]		
1801.24075	2.184500000000071	epochs															maze_arm	122.0
1803.4455	7.024999999999864	epochs															feedback_and_iti	122.0
1803.4455	0.9929999999999382	epochs															feedback_delay	122.0
1804.456	1.9887500000002092	epochs															feedback	122.0
1806.4835	3.9869999999998527	epochs															iti	122.0
1810.489	6.362249999999904	epochs															maze	123.0
1810.489	4.3287499999999	epochs															maze_stem	123.0
1810.51125	11.562249999999949	trials	True	False	False	False	True	True	[0.4681081473827362, 0.5318918824195862, 0.5295336842536926, 0.47046634554862976]	-0.06142553687095642	0.0023581981658935547	0.03071276843547821	0.0011791139841079712	0.5318918824195862	[10786, 10786, 10786, 10786, 10786]	[10824, 10823, 10823, 10823, 10823]		
1814.835	2.0162499999999	epochs															maze_arm	123.0
1816.87125	5.176249999999982	epochs															feedback_and_iti	123.0
1816.87125	0.9802500000000691	epochs															feedback_delay	123.0
1817.8735	1.9835000000000491	epochs															feedback	123.0
1820.0665	1.9809999999999945	epochs															iti	123.0
1822.0735	7.998499999999922	epochs															maze	124.0
1822.0735	5.933500000000095	epochs															maze_stem	124.0
1822.09125	13.193500000000085	trials	False	False	False	False	True	True	[0.30716922879219055, 0.6928308010101318, 0.47099068760871887, 0.5290092825889587]	-0.1638214886188507	0.22184008359909058	0.08191075921058655	0.11092004179954529	0.6928308010101318	[10856, 10856, 10855, 10855, 10855]	[10903, 10903, 10902, 10902, 10902]		
1828.033	2.0389999999999873	epochs															maze_arm	124.0
1830.0925	5.174250000000029	epochs															feedback_and_iti	124.0
1830.0925	0.9939999999999145	epochs															feedback_delay	124.0
1831.108	1.9632500000000164	epochs															feedback	124.0
1833.297	1.9697499999999764	epochs															iti	124.0
1835.28475	8.937999999999874	epochs															maze	125.0
1835.28475	6.301500000000033	epochs															maze_stem	125.0
1835.30425	14.122250000000122	trials	True	False	False	True	False	True	[0.25550025701522827, 0.7444997429847717, 0.453345388174057, 0.5466546416282654]	-0.19784511625766754	0.2911543697118759	0.09892256557941437	-0.14557717740535736	0.453345388174057	[10935, 10935, 10935, 10934, 10934]	[10988, 10988, 10987, 10987, 10987]		
1841.6055	2.6172500000000127	epochs															maze_arm	125.0
1844.24625	5.161749999999984	epochs															feedback_and_iti	125.0
1844.24625	0.98050000000012	epochs															feedback_delay	125.0
1845.24825	1.9849999999999	epochs															feedback	125.0
1847.43925	1.96875	epochs															iti	125.0
1849.4265	7.6437499999999545	epochs															maze	126.0
1849.4265	5.729499999999916	epochs															maze_stem	126.0
1849.443	14.696750000000065	trials	False	False	False	True	True	False	[0.38743892312049866, 0.612561047077179, 0.5845675468444824, 0.4154324531555176]	-0.19712860882282257	0.027993515133857727	-0.09856429696083069	0.013996750116348267	0.4154324531555176	[11020, 11020, 11019, 11019, 11019]	[11065, 11065, 11064, 11064, 11064]		
1855.1735	1.8967499999998836	epochs															maze_arm	126.0
1857.08825	7.0317499999998745	epochs															feedback_and_iti	126.0
1857.08825	0.9812500000000455	epochs															feedback_delay	126.0
1858.08625	1.9990000000000236	epochs															feedback	126.0
1860.12025	3.999749999999949	epochs															iti	126.0
1864.13975	7.233500000000049	epochs															maze	127.0
1864.13975	4.263500000000022	epochs															maze_stem	127.0
1864.16	12.449999999999818	trials	False	False	False	True	False	True	[0.3911730647087097, 0.6088268756866455, 0.42988350987434387, 0.5701165199279785]	-0.038710400462150574	0.17894341051578522	0.019355222582817078	-0.0894717127084732	0.42988350987434387	[11108, 11108, 11108, 11107, 11107]	[11151, 11150, 11150, 11150, 11150]		
1868.4245	2.948750000000018	epochs															maze_arm	127.0
1871.391	5.199499999999944	epochs															feedback_and_iti	127.0
1871.391	0.9949999999998909	epochs															feedback_delay	127.0
1872.4025	1.9835000000000491	epochs															feedback	127.0
1874.61875	1.971749999999929	epochs															iti	127.0
1876.61	7.110000000000127	epochs															maze	128.0
1876.61	5.190000000000055	epochs															maze_stem	128.0
1876.6295	14.160000000000082	trials	False	False	False	True	True	False	[0.4473581910133362, 0.5526418089866638, 0.6678223609924316, 0.33217763900756836]	-0.22046416997909546	-0.11518055200576782	-0.11023208498954773	-0.05759027600288391	0.33217763900756836	[11183, 11183, 11182, 11182, 11182]	[11225, 11224, 11224, 11224, 11224]		
1881.81775	1.9022500000000946	epochs															maze_arm	128.0
1883.73675	7.033750000000055	epochs															feedback_and_iti	128.0
1883.73675	0.9849999999999	epochs															feedback_delay	128.0
1884.73825	1.9969999999998436	epochs															feedback	128.0
1886.7865	3.984000000000151	epochs															iti	128.0
1890.7895	7.401249999999891	epochs															maze	129.0
1890.7895	4.6059999999999945	epochs															maze_stem	129.0
1890.80975	12.582750000000033	trials	True	False	False	True	False	True	[0.3883953094482422, 0.611604630947113, 0.467074990272522, 0.532925009727478]	-0.0786796510219574	0.14452967047691345	0.03933984041213989	-0.07226485013961792	0.467074990272522	[11268, 11268, 11267, 11267, 11267]	[11311, 11311, 11311, 11311, 11310]		
1895.41425	2.776499999999942	epochs															maze_arm	129.0
1898.211	5.161000000000058	epochs															feedback_and_iti	129.0
1898.211	0.9804999999998927	epochs															feedback_delay	129.0
1899.213	1.9815000000000964	epochs															feedback	129.0
1901.389	1.9830000000001746	epochs															iti	129.0
1903.3925	8.128000000000156	epochs															maze	130.0
1903.3925	5.382000000000062	epochs															maze_stem	130.0
1903.41675	15.163000000000011	trials	False	False	False	False	False	False	[0.4458233416080475, 0.5541766285896301, 0.7128775715827942, 0.2871224284172058]	-0.2670542150735855	-0.15870092809200287	-0.13352711498737335	0.07935045659542084	0.4458233416080475	[11343, 11343, 11343, 11343, 11343]	[11391, 11391, 11391, 11391, 11390]		
1908.79275	2.7277500000000146	epochs															maze_arm	130.0
1911.54025	7.0162499999999	epochs															feedback_and_iti	130.0
1911.54025	0.9960000000000946	epochs															feedback_delay	130.0
1912.55775	1.9632500000000164	epochs															feedback	130.0
1914.5575	3.9990000000000236	epochs															iti	130.0
1918.57975	7.97524999999996	epochs															maze	131.0
1918.57975	5.568499999999858	epochs															maze_stem	131.0
1918.60375	13.178249999999935	trials	False	False	False	False	True	True	[0.5489991307258606, 0.4510008692741394, 0.7196018695831299, 0.28039810061454773]	-0.17060275375843048	-0.2686010152101517	0.08530138432979584	-0.13430051505565643	0.4510008692741394	[11434, 11434, 11434, 11434, 11434]	[11481, 11481, 11481, 11481, 11481]		
1924.1745	2.3804999999999836	epochs															maze_arm	131.0
1926.57725	5.184499999999844	epochs															feedback_and_iti	131.0
1926.57725	0.9855000000000018	epochs															feedback_delay	131.0
1927.58375	1.9772499999999127	epochs															feedback	131.0
1929.78	1.98174999999992	epochs															iti	131.0
1931.782	9.117250000000013	epochs															maze	132.0
1931.782	7.436750000000075	epochs															maze_stem	132.0
1931.803	14.292999999999893	trials	False	False	False	False	True	True	[0.29998651146888733, 0.7000134587287903, 0.6939525604248047, 0.3060474991798401]	-0.3939660042524338	0.006060943007469177	0.1969829797744751	0.0030304789543151855	0.7000134587287903	[11514, 11513, 11513, 11513, 11513]	[11567, 11567, 11567, 11567, 11567]		
1939.237	1.6622499999998581	epochs															maze_arm	132.0
1940.928	5.146749999999884	epochs															feedback_and_iti	132.0
1940.928	0.9794999999999163	epochs															feedback_delay	132.0
1941.9285	1.97524999999996	epochs															feedback	132.0
1944.091	1.9837500000001	epochs															iti	132.0
1946.096	8.389249999999947	epochs															maze	133.0
1946.096	6.393000000000029	epochs															maze_stem	133.0
1946.1135	15.432999999999993	trials	False	False	False	True	True	False	[0.24621839821338654, 0.7537816166877747, 0.6673044562339783, 0.3326955735683441]	-0.42108605057001114	0.08647716790437698	-0.21054302155971527	0.04323859512805939	0.3326955735683441	[11599, 11599, 11599, 11599, 11599]	[11649, 11649, 11648, 11648, 11648]		
1952.5065	1.978749999999991	epochs															maze_arm	133.0
1954.50325	7.0222499999999854	epochs															feedback_and_iti	133.0
1954.50325	0.9837500000001	epochs															feedback_delay	133.0
1955.50425	1.9982500000000982	epochs															feedback	133.0
1957.5365	3.9890000000000327	epochs															iti	133.0
1961.5465	7.081750000000056	epochs															maze	134.0
1961.5465	4.787750000000187	epochs															maze_stem	134.0
1961.5665	12.275000000000091	trials	False	False	False	False	True	True	[0.312958687543869, 0.6870412826538086, 0.4335896968841553, 0.5664103031158447]	-0.12063099443912506	0.2534516006708145	0.060315489768981934	0.12672579288482666	0.6870412826538086	[11692, 11692, 11692, 11691, 11691]	[11734, 11733, 11733, 11733, 11733]		
1966.356	2.2722499999999854	epochs															maze_arm	134.0
1968.6555	5.167249999999967	epochs															feedback_and_iti	134.0
1968.6555	0.9974999999999454	epochs															feedback_delay	134.0
1969.67475	1.9672500000001492	epochs															feedback	134.0
1971.83725	1.9855000000000018	epochs															iti	134.0
1973.8415	8.477750000000015	epochs															maze	135.0
1973.8415	6.089750000000095	epochs															maze_stem	135.0
1973.862	13.697999999999865	trials	True	False	False	True	False	True	[0.19773846864700317, 0.8022615313529968, 0.447532057762146, 0.552467942237854]	-0.24979358911514282	0.35472947359085083	0.12489679455757141	-0.17736473679542542	0.447532057762146	[11766, 11766, 11765, 11765, 11765]	[11816, 11815, 11815, 11815, 11815]		
1979.95375	2.365500000000111	epochs															maze_arm	135.0
1982.3385	5.197499999999991	epochs															feedback_and_iti	135.0
1982.3385	0.9987499999999727	epochs															feedback_delay	135.0
1983.35825	1.9790000000000418	epochs															feedback	135.0
1985.54075	1.9952500000001692	epochs															iti	135.0
1987.56	9.508000000000038	epochs															maze	136.0
1987.56	6.945249999999987	epochs															maze_stem	136.0
1987.5785	14.709499999999935	trials	False	False	False	True	False	True	[0.2689937949180603, 0.7310062646865845, 0.5398514270782471, 0.46014857292175293]	-0.27085766196250916	0.19115480780601501	0.13542881608009338	-0.09557738900184631	0.5398514270782471	[11848, 11848, 11848, 11847, 11847]	[11904, 11904, 11904, 11904, 11903]		
1994.52675	2.541249999999991	epochs															maze_arm	136.0
1997.0845	5.18425000000002	epochs															feedback_and_iti	136.0
1997.0845	0.9957500000000437	epochs															feedback_delay	136.0
1998.1035	1.9664999999999964	epochs															feedback	136.0
2000.2875	1.9812500000000455	epochs															iti	136.0
2002.288	7.900750000000016	epochs															maze	137.0
2002.288	5.968000000000075	epochs															maze_stem	137.0
2002.309	13.083250000000135	trials	False	False	False	False	True	True	[0.3994925618171692, 0.600507378578186, 0.7141151428222656, 0.2858848571777344]	-0.31462255120277405	-0.1136077344417572	0.15731126070022583	-0.056803882122039795	0.600507378578186	[11936, 11936, 11936, 11936, 11936]	[11983, 11983, 11982, 11982, 11982]		
2008.284	1.9047499999999218	epochs															maze_arm	137.0
2010.21	5.163749999999936	epochs															feedback_and_iti	137.0
2010.21	0.981499999999869	epochs															feedback_delay	137.0
2011.2125	1.9769999999998618	epochs															feedback	137.0
2013.401	1.9727499999999054	epochs															iti	137.0
2015.39225	7.618249999999989	epochs															maze	138.0
2015.39225	5.290749999999889	epochs															maze_stem	138.0
2015.413	12.792500000000018	trials	False	False	False	False	True	True	[0.21920908987522125, 0.7807908654212952, 0.6554926633834839, 0.3445073664188385]	-0.43628353625535965	0.12529823929071426	0.21814174950122833	0.06264911592006683	0.7807908654212952	[12015, 12015, 12015, 12014, 12014]	[12060, 12059, 12059, 12059, 12059]		
2020.70275	2.307750000000169	epochs															maze_arm	138.0
2023.03225	5.153500000000122	epochs															feedback_and_iti	138.0
2023.03225	0.9890000000000327	epochs															feedback_delay	138.0
2024.0425	1.9707499999999527	epochs															feedback	138.0
2026.20525	1.98050000000012	epochs															iti	138.0
2028.2055	7.13149999999996	epochs															maze	139.0
2028.2055	5.306249999999864	epochs															maze_stem	139.0
2028.2235	14.168249999999944	trials	False	False	False	True	True	False	[0.21651814877986908, 0.783481776714325, 0.6724006533622742, 0.32759928703308105]	-0.4558824971318245	0.11108113080263138	-0.22794124484062195	0.055540531873703	0.32759928703308105	[12092, 12092, 12091, 12091, 12091]	[12134, 12133, 12133, 12133, 12133]		
2033.5295	1.8074999999998909	epochs															maze_arm	139.0
2035.3545	7.018000000000029	epochs															feedback_and_iti	139.0
2035.3545	0.9835000000000491	epochs															feedback_delay	139.0
2036.35525	1.9864999999999782	epochs															feedback	139.0
2038.3795	3.992999999999938	epochs															iti	139.0
2042.39175	6.067749999999933	epochs															maze	140.0
2042.39175	4.151000000000067	epochs															maze_stem	140.0
2042.412	11.263000000000147	trials	False	False	False	False	True	True	[0.27273833751678467, 0.7272616028785706, 0.4291941821575165, 0.5708058476448059]	-0.15645579993724823	0.29806746542453766	0.07822787761688232	0.14903372526168823	0.7272616028785706	[12177, 12177, 12176, 12176, 12176]	[12212, 12212, 12212, 12212, 12211]		
2046.5665	1.893000000000029	epochs															maze_arm	140.0
2048.48075	5.174999999999727	epochs															feedback_and_iti	140.0
2048.48075	0.9997499999999491	epochs															feedback_delay	140.0
2049.5015	1.9722500000002583	epochs															feedback	140.0
2051.6705	1.9852499999997235	epochs															iti	140.0
2053.675	7.660750000000007	epochs															maze	141.0
2053.675	5.747499999999945	epochs															maze_stem	141.0
2053.6915	14.693250000000262	trials	False	False	False	True	True	False	[0.17350684106349945, 0.8264931440353394, 0.4691431224346161, 0.5308569073677063]	-0.29563625901937485	0.35735004395246506	-0.14781811833381653	0.17867502570152283	0.5308569073677063	[12244, 12244, 12244, 12244, 12244]	[12289, 12289, 12289, 12289, 12289]		
2059.43975	1.8960000000001855	epochs															maze_arm	141.0
2061.353	7.015249999999924	epochs															feedback_and_iti	141.0
2061.353	0.9832499999997708	epochs															feedback_delay	141.0
2062.361	1.9890000000000327	epochs															feedback	141.0
2064.3845	3.9837499999998727	epochs															iti	141.0
2068.38475	6.144999999999982	epochs															maze	142.0
2068.38475	4.357499999999618	epochs															maze_stem	142.0
2068.40325	13.174250000000029	trials	False	False	False	True	True	False	[0.27389290928840637, 0.726107120513916, 0.2886413037776947, 0.7113587260246277]	-0.01474839448928833	0.4374658167362213	-0.007374197244644165	0.21873292326927185	0.7113587260246277	[12333, 12332, 12332, 12332, 12332]	[12369, 12368, 12368, 12368, 12368]		
2072.762	1.7677499999999782	epochs															maze_arm	142.0
2074.54975	7.007249999999658	epochs															feedback_and_iti	142.0
2074.54975	0.9837499999998727	epochs															feedback_delay	142.0
2075.55075	1.9832500000002256	epochs															feedback	142.0
2077.56925	3.987749999999778	epochs															iti	142.0
2081.5775	6.445500000000266	epochs															maze	143.0
2081.5775	4.549250000000029	epochs															maze_stem	143.0
2081.599	13.485249999999724	trials	False	False	False	True	True	False	[0.3168967068195343, 0.6831032633781433, 0.2884661555290222, 0.7115338444709778]	0.02843056619167328	0.3946371227502823	0.014215290546417236	0.19731855392456055	0.7115338444709778	[12412, 12412, 12411, 12411, 12411]	[12449, 12449, 12449, 12449, 12449]		
2086.1445	1.8785000000002583	epochs															maze_arm	143.0
2088.04	7.027250000000095	epochs															feedback_and_iti	143.0
2088.04	0.99350000000004	epochs															feedback_delay	143.0
2089.05175	1.98174999999992	epochs															feedback	143.0
2091.07325	3.994000000000142	epochs															iti	143.0
2095.08425	7.483750000000327	epochs															maze	144.0
2095.08425	5.425000000000182	epochs															maze_stem	144.0
2095.1025	14.528749999999945	trials	False	False	False	True	True	False	[0.3267701268196106, 0.6732298731803894, 0.28472235798835754, 0.7152776718139648]	0.042047783732414246	0.38850753009319305	0.02102389931678772	0.19425377249717712	0.7152776718139648	[12493, 12493, 12492, 12492, 12492]	[12537, 12536, 12536, 12536, 12536]		
2100.528	2.0400000000004184	epochs															maze_arm	144.0
2102.5835	7.026999999999589	epochs															feedback_and_iti	144.0
2102.5835	0.9932499999999891	epochs															feedback_delay	144.0
2103.60275	1.97400000000016	epochs															feedback	144.0
2105.6285	3.981999999999971	epochs															iti	144.0
2109.63125	7.069500000000062	epochs															maze	145.0
2109.63125	4.7472499999998945	epochs															maze_stem	145.0
2109.65225	12.27099999999973	trials	True	False	False	False	True	True	[0.3361174464225769, 0.6638826131820679, 0.28214171528816223, 0.7178583145141602]	0.05397571623325348	0.38174088299274445	-0.026987850666046143	0.190870463848114	0.6638826131820679	[12580, 12580, 12580, 12579, 12579]	[12621, 12621, 12621, 12621, 12621]		
2114.398	2.3027499999998327	epochs															maze_arm	145.0
2116.72125	5.181749999999738	epochs															feedback_and_iti	145.0
2116.72125	0.9857499999998254	epochs															feedback_delay	145.0
2117.7275	1.9769999999998618	epochs															feedback	145.0
2119.92175	1.981249999999818	epochs															iti	145.0
2121.92325	8.458750000000236	epochs															maze	146.0
2121.92325	6.395500000000084	epochs															maze_stem	146.0
2121.94075	13.621499999999742	trials	True	False	False	False	True	True	[0.22926685214042664, 0.7707331776618958, 0.3147631585597992, 0.6852368116378784]	-0.08549633622169495	0.45596998929977417	0.04274818301200867	0.22798499464988708	0.7707331776618958	[12654, 12653, 12653, 12653, 12653]	[12703, 12703, 12703, 12703, 12703]		
2128.3365	2.0455000000001746	epochs															maze_arm	146.0
2130.40275	5.139499999999771	epochs															feedback_and_iti	146.0
2130.40275	0.9962499999996908	epochs															feedback_delay	146.0
2131.42025	1.96875	epochs															feedback	146.0
2133.56425	1.9780000000000655	epochs															iti	146.0
2135.56225	7.857500000000073	epochs															maze	147.0
2135.56225	4.804999999999836	epochs															maze_stem	147.0
2135.58175	13.038250000000062	trials	True	False	False	False	True	True	[0.22713793814182281, 0.7728620767593384, 0.3372601866722107, 0.6627398133277893]	-0.11012225598096848	0.4356018826365471	0.055061131715774536	0.21780094504356384	0.7728620767593384	[12735, 12735, 12735, 12735, 12735]	[12782, 12781, 12781, 12781, 12781]		
2140.3855	3.0342500000001564	epochs															maze_arm	147.0
2143.4415	5.154750000000149	epochs															feedback_and_iti	147.0
2143.4415	0.98824999999988	epochs															feedback_delay	147.0
2144.45375	1.9574999999999818	epochs															feedback	147.0
2146.61475	1.981499999999869	epochs															iti	147.0
2148.62	8.658500000000004	epochs															maze	148.0
2148.62	5.01700000000028	epochs															maze_stem	148.0
2148.63825	13.856000000000222	trials	False	False	False	False	True	True	[0.2334316074848175, 0.7665683627128601, 0.4018947184085846, 0.598105251789093]	-0.1684631109237671	0.3646736443042755	0.08423155546188354	0.18233680725097656	0.7665683627128601	[12814, 12814, 12813, 12813, 12813]	[12865, 12864, 12864, 12864, 12864]		
2153.6595	3.618999999999687	epochs															maze_arm	148.0
2157.30025	5.171750000000429	epochs															feedback_and_iti	148.0
2157.30025	0.9842500000004293	epochs															feedback_delay	148.0
2158.30775	1.98050000000012	epochs															feedback	148.0
2160.48275	1.9892500000000837	epochs															iti	148.0
2162.49425	7.778749999999945	epochs															maze	149.0
2162.49425	5.315749999999753	epochs															maze_stem	149.0
2162.51575	12.97375000000011	trials	False	False	False	False	True	True	[0.20454470813274384, 0.795455276966095, 0.42267149686813354, 0.5773285627365112]	-0.21812675148248672	0.3727838173508644	0.10906335711479187	0.1863919198513031	0.795455276966095	[12897, 12897, 12897, 12896, 12896]	[12943, 12942, 12942, 12942, 12942]		
2167.83225	2.4407500000002074	epochs															maze_arm	149.0
2170.29775	5.1717499999999745	epochs															feedback_and_iti	149.0
2170.29775	0.9942499999997381	epochs															feedback_delay	149.0
2171.316	1.9815000000003238	epochs															feedback	149.0
2173.49725	1.9722500000002583	epochs															iti	149.0
2175.4895	6.342999999999847	epochs															maze	150.0
2175.4895	4.585000000000036	epochs															maze_stem	150.0
2175.5105	13.388500000000022	trials	False	False	False	True	True	False	[0.2108875811100006, 0.7891124486923218, 0.47194263339042664, 0.5280573964118958]	-0.261055052280426	0.31716981530189514	-0.130527526140213	0.15858492255210876	0.5280573964118958	[12975, 12975, 12974, 12974, 12974]	[13012, 13012, 13011, 13011, 13011]		
2180.09125	1.7412500000000364	epochs															maze_arm	150.0
2181.85075	7.02475000000004	epochs															feedback_and_iti	150.0
2181.85075	0.9997499999999491	epochs															feedback_delay	150.0
2182.8675	1.9762500000001637	epochs															feedback	150.0
2184.87925	3.9962500000001455	epochs															iti	150.0
2188.899	7.099750000000313	epochs															maze	151.0
2188.899	4.423749999999927	epochs															maze_stem	151.0
2188.92	14.141250000000127	trials	False	False	False	False	False	False	[0.3457021415233612, 0.6542978882789612, 0.41362544894218445, 0.5863745212554932]	-0.06792333722114563	0.24067240953445435	-0.03396165370941162	-0.12033620476722717	0.3457021415233612	[13055, 13055, 13055, 13055, 13054]	[13097, 13097, 13096, 13096, 13096]		
2193.34625	2.6525000000001455	epochs															maze_arm	151.0
2196.01925	7.022000000000389	epochs															feedback_and_iti	151.0
2196.01925	0.9802500000000691	epochs															feedback_delay	151.0
2197.02525	1.9859999999998763	epochs															feedback	151.0
2199.05175	3.9895000000001346	epochs															iti	151.0
2203.06125	7.592249999999694	epochs															maze	152.0
2203.06125	4.432499999999891	epochs															maze_stem	152.0
2203.08075	12.803750000000036	trials	True	False	False	True	False	True	[0.492546945810318, 0.5074530839920044, 0.5909386277198792, 0.40906137228012085]	-0.09839169681072235	-0.08348555862903595	0.04919584095478058	0.04174278676509857	0.5909386277198792	[13140, 13140, 13140, 13140, 13139]	[13185, 13185, 13184, 13184, 13184]		
2207.5165	3.1369999999997162	epochs															maze_arm	152.0
2210.677	5.1847499999998945	epochs															feedback_and_iti	152.0
2210.677	0.9969999999998436	epochs															feedback_delay	152.0
2211.70675	1.968499999999949	epochs															feedback	152.0
2213.881	1.980750000000171	epochs															iti	152.0
2215.8845	8.445749999999862	epochs															maze	153.0
2215.8845	5.967999999999847	epochs															maze_stem	153.0
2215.9055	13.63149999999996	trials	False	False	False	False	True	True	[0.5252440571784973, 0.4747559428215027, 0.7483997941017151, 0.2516002357006073]	-0.22315572202205658	-0.2736438363790512	0.11157785356044769	-0.136821910738945	0.4747559428215027	[13217, 13217, 13217, 13216, 13216]	[13267, 13267, 13266, 13266, 13266]		
2221.87175	2.4585000000001855	epochs															maze_arm	153.0
2224.3545	5.164000000000215	epochs															feedback_and_iti	153.0
2224.3545	0.9772499999999127	epochs															feedback_delay	153.0
2225.36175	1.974999999999909	epochs															feedback	153.0
2227.52025	1.9982500000000982	epochs															iti	153.0
2229.537	8.149000000000342	epochs															maze	154.0
2229.537	5.786750000000211	epochs															maze_stem	154.0
2229.55725	13.324750000000222	trials	False	False	False	True	False	True	[0.3030211925506592, 0.6969788074493408, 0.6556723117828369, 0.3443276882171631]	-0.35265111923217773	0.041306495666503906	0.17632555961608887	-0.020653247833251953	0.6556723117828369	[13299, 13299, 13298, 13298, 13298]	[13347, 13347, 13346, 13346, 13346]		
2235.33975	2.3462500000000546	epochs															maze_arm	154.0
2237.7025	5.158750000000055	epochs															feedback_and_iti	154.0
2237.7025	1.0	epochs															feedback_delay	154.0
2238.721	1.968499999999949	epochs															feedback	154.0
2240.8935	1.9677499999997963	epochs															iti	154.0
2242.882	9.50525000000016	epochs															maze	155.0
2242.882	7.094500000000153	epochs															maze_stem	155.0
2242.9025	14.69399999999996	trials	False	False	False	False	True	True	[0.40817663073539734, 0.591823399066925, 0.6945124268531799, 0.30548757314682007]	-0.2863358110189438	-0.10268904268741608	0.1431679129600525	-0.05134451389312744	0.591823399066925	[13379, 13379, 13378, 13378, 13378]	[13435, 13435, 13435, 13434, 13434]		
2249.99425	2.393000000000029	epochs															maze_arm	155.0
2252.40925	5.169999999999618	epochs															feedback_and_iti	155.0
2252.40925	0.9982499999996435	epochs															feedback_delay	155.0
2253.42975	1.9772500000003674	epochs															feedback	155.0
2255.58275	1.9964999999997417	epochs															iti	155.0
2257.5965	8.187249999999949	epochs															maze	156.0
2257.5965	5.509500000000116	epochs															maze_stem	156.0
2257.61625	15.219000000000051	trials	False	False	False	True	True	False	[0.2486075460910797, 0.7513924837112427, 0.6474369168281555, 0.35256311297416687]	-0.3988293707370758	0.10395556688308716	-0.1994146853685379	0.05197779834270477	0.35256311297416687	[13467, 13467, 13467, 13466, 13466]	[13515, 13515, 13515, 13515, 13514]		
2263.124	2.6597500000002583	epochs															maze_arm	156.0
2265.802	7.016249999999673	epochs															feedback_and_iti	156.0
2265.802	1.000749999999698	epochs															feedback_delay	156.0
2266.823	1.9657500000002983	epochs															feedback	156.0
2268.8385	3.9797499999999673	epochs															iti	156.0
2272.83525	8.481249999999818	epochs															maze	157.0
2272.83525	5.608749999999873	epochs															maze_stem	157.0
2272.85325	15.519249999999829	trials	False	False	False	True	True	False	[0.3004515767097473, 0.6995484828948975, 0.3718230724334717, 0.6281769275665283]	-0.07137152552604675	0.3277253806591034	-0.03568577766418457	0.1638627052307129	0.6281769275665283	[13558, 13558, 13558, 13558, 13558]	[13608, 13608, 13608, 13608, 13608]		
2278.4615	2.855000000000018	epochs															maze_arm	157.0
2281.33175	7.019750000000386	epochs															feedback_and_iti	157.0
2281.33175	0.9845000000000255	epochs															feedback_delay	157.0
2282.333	1.9862499999999272	epochs															feedback	157.0
2284.353	3.998500000000149	epochs															iti	157.0
2288.3725	7.632750000000215	epochs															maze	158.0
2288.3725	5.041000000000167	epochs															maze_stem	158.0
2288.39125	12.844000000000051	trials	False	False	False	False	True	True	[0.3295653164386749, 0.6704346537590027, 0.3309473693370819, 0.6690526008605957]	-0.0013820528984069824	0.3394872844219208	0.0006910264492034912	0.1697436273097992	0.6704346537590027	[13652, 13651, 13651, 13651, 13651]	[13696, 13696, 13696, 13696, 13696]		
2293.435	2.5702500000002146	epochs															maze_arm	158.0
2296.026	5.1892500000003565	epochs															feedback_and_iti	158.0
2296.026	0.9905000000003383	epochs															feedback_delay	158.0
2297.03975	1.9857500000002801	epochs															feedback	158.0
2299.22075	1.9945000000002437	epochs															iti	158.0
2301.23525	7.980499999999665	epochs															maze	159.0
2301.23525	4.7654999999999745	epochs															maze_stem	159.0
2301.25475	13.184499999999844	trials	True	False	False	True	False	True	[0.1836337298154831, 0.8163663148880005, 0.30962279438972473, 0.6903772354125977]	-0.12598907202482224	0.5067435130476952	0.06299453228712082	-0.2533717378973961	0.30962279438972473	[13729, 13729, 13728, 13728, 13728]	[13776, 13775, 13775, 13775, 13775]		
2306.02025	3.195499999999811	epochs															maze_arm	159.0
2309.237	5.181500000000142	epochs															feedback_and_iti	159.0
2309.237	0.9772499999999127	epochs															feedback_delay	159.0
2310.23625	2.0032500000002074	epochs															feedback	159.0
2312.446	1.9725000000003092	epochs															iti	159.0
2314.43925	8.237500000000182	epochs															maze	160.0
2314.43925	6.388750000000073	epochs															maze_stem	160.0
2314.45875	13.413000000000011	trials	True	False	False	False	True	True	[0.24294160306453705, 0.7570583820343018, 0.4249935448169708, 0.5750064253807068]	-0.18205194920301437	0.33206482976675034	0.09102597832679749	0.16603240370750427	0.7570583820343018	[13808, 13808, 13808, 13807, 13807]	[13856, 13856, 13856, 13856, 13856]		
2320.84575	1.831000000000131	epochs															maze_arm	160.0
2322.6985	5.1527500000001965	epochs															feedback_and_iti	160.0
2322.6985	0.993750000000091	epochs															feedback_delay	160.0
2323.7135	1.9635000000002947	epochs															feedback	160.0
2325.86	1.9912500000000364	epochs															iti	160.0
2327.87175	6.106000000000222	epochs															maze	161.0
2327.87175	4.64200000000028	epochs															maze_stem	161.0
2327.89025	11.309000000000196	trials	False	False	False	False	True	True	[0.20746083557605743, 0.7925391793251038, 0.5538426041603088, 0.44615739583969116]	-0.346381776034832	0.23869656771421432	0.1731908917427063	0.11934828758239746	0.7925391793251038	[13888, 13888, 13888, 13888, 13888]	[13924, 13924, 13924, 13924, 13923]		
2332.53525	1.4425000000001091	epochs															maze_arm	161.0
2334.002	5.1772500000001855	epochs															feedback_and_iti	161.0
2334.002	0.9904999999998836	epochs															feedback_delay	161.0
2335.018	1.9830000000001746	epochs															feedback	161.0
2337.2155	1.9637500000003456	epochs															iti	161.0
2339.19925	6.362749999999778	epochs															maze	162.0
2339.19925	4.6284999999998035	epochs															maze_stem	162.0
2339.21925	11.561999999999898	trials	False	False	False	False	True	True	[0.1838519424200058, 0.816148042678833, 0.5587775707244873, 0.4412224292755127]	-0.3749256208539009	0.2573704794049263	0.18746280670166016	0.12868523597717285	0.816148042678833	[13956, 13956, 13956, 13956, 13956]	[13994, 13993, 13993, 13993, 13993]		
2343.8455	1.7164999999999964	epochs															maze_arm	162.0
2345.58325	5.177749999999833	epochs															feedback_and_iti	162.0
2345.58325	0.9967499999997926	epochs															feedback_delay	162.0
2346.603	1.9742499999997563	epochs															feedback	162.0
2348.77375	1.987250000000131	epochs															iti	162.0
2350.78125	6.88025000000016	epochs															maze	163.0
2350.78125	4.96349999999984	epochs															maze_stem	163.0
2350.8	12.054499999999734	trials	True	False	False	False	True	True	[0.18638765811920166, 0.8136122822761536, 0.5782985687255859, 0.4217014014720917]	-0.3919108957052231	0.23531372845172882	0.19595544040203094	0.11765684187412262	0.8136122822761536	[14026, 14026, 14025, 14025, 14025]	[14066, 14066, 14066, 14066, 14065]		
2355.76375	1.8977500000000873	epochs															maze_arm	163.0
2357.6815	5.1544999999996435	epochs															feedback_and_iti	163.0
2357.6815	0.9864999999999782	epochs															feedback_delay	163.0
2358.6885	1.9794999999999163	epochs															feedback	163.0
2360.85175	1.9842499999999745	epochs															iti	163.0
2362.8545	9.078250000000025	epochs															maze	164.0
2362.8545	5.427999999999884	epochs															maze_stem	164.0
2362.872	14.28525000000036	trials	False	False	False	True	False	True	[0.22746042907238007, 0.772539496421814, 0.6625271439552307, 0.3374728560447693]	-0.43506667762994766	0.11001238971948624	0.21753335744142532	-0.05500621348619461	0.6625271439552307	[14098, 14098, 14098, 14098, 14097]	[14152, 14151, 14151, 14151, 14151]		
2368.3005	3.6322500000001128	epochs															maze_arm	164.0
2371.948	5.188000000000102	epochs															feedback_and_iti	164.0
2371.948	0.9929999999999382	epochs															feedback_delay	164.0
2372.9595	1.98174999999992	epochs															feedback	164.0
2375.158	1.9780000000000655	epochs															iti	164.0
2377.15725	7.242999999999938	epochs															maze	165.0
2377.15725	5.035249999999905	epochs															maze_stem	165.0
2377.177	12.42574999999988	trials	False	False	False	False	True	True	[0.3268517851829529, 0.6731482148170471, 0.7271705865859985, 0.2728293538093567]	-0.40031883120536804	-0.054022401571273804	0.20015943050384521	-0.027011215686798096	0.6731482148170471	[14184, 14184, 14184, 14183, 14183]	[14226, 14226, 14226, 14226, 14226]		
2382.21175	2.1885000000002037	epochs															maze_arm	165.0
2384.4215	5.160499999999956	epochs															feedback_and_iti	165.0
2384.4215	0.9887499999999818	epochs															feedback_delay	165.0
2385.4315	1.982749999999669	epochs															feedback	165.0
2387.6065	1.975500000000011	epochs															iti	165.0
2389.60275	19.178249999999935	epochs															maze	166.0
2389.60275	5.224499999999807	epochs															maze_stem	166.0
2389.6235	24.357250000000022	trials	False	False	False	False	True	True	[0.18836162984371185, 0.811638355255127, 0.7162572145462036, 0.2837427854537964]	-0.5278955772519112	0.09538114815950394	0.2639477849006653	0.04769057035446167	0.811638355255127	[14259, 14258, 14258, 14258, 14258]	[14373, 14372, 14372, 14372, 14372]		
2394.84575	13.935249999999996	epochs															maze_arm	166.0
2408.80225	5.159499999999753	epochs															feedback_and_iti	166.0
2408.80225	0.9952499999999418	epochs															feedback_delay	166.0
2409.82175	1.9695000000001528	epochs															feedback	166.0
2411.99525	1.9664999999999964	epochs															iti	166.0
2413.98075	8.980999999999767	epochs															maze	167.0
2413.98075	6.459249999999884	epochs															maze_stem	167.0
2413.99725	16.025500000000193	trials	False	False	False	True	True	False	[0.1946122795343399, 0.8053877353668213, 0.7218889594078064, 0.2781111001968384]	-0.5272766575217247	0.08349879831075668	-0.26363831758499146	0.041749417781829834	0.2781111001968384	[14405, 14405, 14404, 14404, 14404]	[14458, 14457, 14457, 14457, 14457]		
2420.4585	2.5032499999997526	epochs															maze_arm	167.0
2422.98125	7.019500000000335	epochs															feedback_and_iti	167.0
2422.98125	0.9800000000000182	epochs															feedback_delay	167.0
2423.98125	1.992750000000342	epochs															feedback	167.0
2426.01175	3.9890000000000327	epochs															iti	167.0
2430.02275	7.4539999999997235	epochs															maze	168.0
2430.02275	4.112250000000131	epochs															maze_stem	168.0
2430.042	12.632750000000215	trials	True	False	False	True	False	True	[0.22359581291675568, 0.7764042019844055, 0.4506567716598511, 0.5493432879447937]	-0.2270609363913536	0.32574745267629623	0.1135304793715477	-0.16287370771169662	0.4506567716598511	[14501, 14501, 14501, 14500, 14500]	[14545, 14544, 14544, 14544, 14544]		
2434.154	3.3227499999998145	epochs															maze_arm	168.0
2437.4965	5.156499999999596	epochs															feedback_and_iti	168.0
2437.4965	0.9872499999996762	epochs															feedback_delay	168.0
2438.50625	1.9732500000000073	epochs															feedback	168.0
2440.67625	1.9767499999998108	epochs															iti	168.0
2442.67475	7.830249999999978	epochs															maze	169.0
2442.67475	4.749249999999847	epochs															maze_stem	169.0
2442.693	13.03274999999985	trials	False	False	False	False	True	True	[0.27111130952835083, 0.7288886904716492, 0.6964161396026611, 0.30358392000198364]	-0.4253048002719879	0.032472580671310425	0.21265238523483276	0.016236305236816406	0.7288886904716492	[14577, 14577, 14576, 14576, 14576]	[14623, 14623, 14622, 14622, 14622]		
2447.442	3.063000000000102	epochs															maze_arm	169.0
2450.5255	5.180999999999585	epochs															feedback_and_iti	169.0
2450.5255	0.9884999999999309	epochs															feedback_delay	169.0
2451.5365	1.9874999999997272	epochs															feedback	169.0
2453.7195	1.9869999999996253	epochs															iti	169.0
2455.72575	7.960500000000138	epochs															maze	170.0
2455.72575	4.937249999999949	epochs															maze_stem	170.0
2455.7425	13.155250000000251	trials	False	False	False	True	False	True	[0.17055962979793549, 0.8294403553009033, 0.7079698443412781, 0.29203012585639954]	-0.5374102219939232	0.12147050350904465	0.2687051072716713	-0.06073526293039322	0.7079698443412781	[14655, 14655, 14655, 14654, 14654]	[14702, 14702, 14701, 14701, 14701]		
2460.684	3.0022500000000036	epochs															maze_arm	170.0
2463.70575	5.175249999999778	epochs															feedback_and_iti	170.0
2463.70575	0.9909999999999854	epochs															feedback_delay	170.0
2464.714	1.9827500000001237	epochs															feedback	170.0
2466.8885	1.9924999999998363	epochs															iti	170.0
2468.89775	8.534249999999702	epochs															maze	171.0
2468.89775	6.310249999999996	epochs															maze_stem	171.0
2468.9165	13.714249999999993	trials	False	False	False	True	False	True	[0.24632109701633453, 0.7536788582801819, 0.6901233792304993, 0.30987659096717834]	-0.44380227476358414	0.06355548650026321	0.22190114110708237	-0.0317777618765831	0.6901233792304993	[14734, 14734, 14734, 14733, 14733]	[14784, 14784, 14784, 14784, 14783]		
2475.22975	2.2022499999998217	epochs															maze_arm	171.0
2477.4575	5.152250000000095	epochs															feedback_and_iti	171.0
2477.4575	0.9782500000001164	epochs															feedback_delay	171.0
2478.45225	1.9815000000003238	epochs															feedback	171.0
2480.63125	1.9785000000001673	epochs															iti	171.0
2482.63075	6.994000000000142	epochs															maze	172.0
2482.63075	4.776749999999993	epochs															maze_stem	172.0
2482.65125	12.22900000000027	trials	True	False	False	False	True	True	[0.28792548179626465, 0.7120745182037354, 0.7397710084915161, 0.2602289617061615]	-0.45184554159641266	-0.027696505188941956	0.22592277824878693	-0.013848260045051575	0.7120745182037354	[14816, 14816, 14816, 14816, 14816]	[14857, 14857, 14857, 14857, 14857]		
2487.42675	2.1979999999998654	epochs															maze_arm	172.0
2489.6435	5.210000000000036	epochs															feedback_and_iti	172.0
2489.6435	1.000999999999749	epochs															feedback_delay	172.0
2490.66925	1.9729999999999563	epochs															feedback	172.0
2492.847	2.00649999999996	epochs															iti	172.0
2494.88025	6.704499999999825	epochs															maze	173.0
2494.88025	4.777749999999742	epochs															maze_stem	173.0
2494.8985	11.91125000000011	trials	True	False	False	False	True	True	[0.19571612775325775, 0.804283857345581, 0.7923739552497864, 0.2076260894536972]	-0.5966577976942062	0.011909931898117065	0.2983288839459419	0.00595497339963913	0.804283857345581	[14890, 14890, 14889, 14889, 14889]	[14929, 14929, 14929, 14928, 14928]		
2499.68225	1.9025000000001455	epochs															maze_arm	173.0
2501.6055	5.18100000000004	epochs															feedback_and_iti	173.0
2501.6055	0.99350000000004	epochs															feedback_delay	173.0
2502.61925	1.9712499999995998	epochs															feedback	173.0
2504.7945	1.9920000000001892	epochs															iti	173.0
2506.80975	7.579999999999927	epochs															maze	174.0
2506.80975	5.028000000000247	epochs															maze_stem	174.0
2506.8335	12.774249999999938	trials	False	False	False	True	False	True	[0.2043115496635437, 0.7956885099411011, 0.7731137871742249, 0.22688621282577515]	-0.5688022673130035	0.022574692964553833	0.2844011187553406	-0.011287331581115723	0.7731137871742249	[14961, 14961, 14961, 14961, 14960]	[15006, 15006, 15005, 15005, 15005]		
2511.85625	2.5335000000000036	epochs															maze_arm	174.0
2514.415	5.169750000000022	epochs															feedback_and_iti	174.0
2514.415	0.9900000000002365	epochs															feedback_delay	174.0
2515.42175	1.97524999999996	epochs															feedback	174.0
2517.59675	1.987999999999829	epochs															iti	174.0
2519.60775	7.393999999999778	epochs															maze	175.0
2519.60775	5.4387499999998	epochs															maze_stem	175.0
2519.6275	12.580249999999978	trials	True	False	False	True	False	True	[0.24565541744232178, 0.7543445825576782, 0.731747567653656, 0.268252432346344]	-0.48609215021133423	0.022597014904022217	0.24304607510566711	-0.011298507452011108	0.731747567653656	[15038, 15038, 15038, 15037, 15037]	[15081, 15081, 15081, 15081, 15081]		
2525.065	1.9367499999998472	epochs															maze_arm	175.0
2527.0235	5.161000000000058	epochs															feedback_and_iti	175.0
2527.0235	0.9940000000001419	epochs															feedback_delay	175.0
2528.04075	1.9645000000000437	epochs															feedback	175.0
2530.20275	1.98174999999992	epochs															iti	175.0
2532.20775	7.701500000000124	epochs															maze	176.0
2532.20775	5.581499999999778	epochs															maze_stem	176.0
2532.2285	14.738749999999982	trials	False	False	False	False	False	False	[0.25772902369499207, 0.7422710061073303, 0.7453631162643433, 0.25463688373565674]	-0.4876341074705124	-0.0030921250581741333	-0.2438170462846756	0.0015460699796676636	0.25772902369499207	[15114, 15113, 15113, 15113, 15113]	[15159, 15159, 15158, 15158, 15158]		
2537.8125	2.0967500000001564	epochs															maze_arm	176.0
2539.933	7.014250000000175	epochs															feedback_and_iti	176.0
2539.933	0.9787500000002183	epochs															feedback_delay	176.0
2540.93475	1.9787500000002183	epochs															feedback	176.0
2542.95125	3.9960000000000946	epochs															iti	176.0
2546.96725	6.523749999999836	epochs															maze	177.0
2546.96725	3.9825000000000728	epochs															maze_stem	177.0
2546.98725	11.728999999999814	trials	True	False	False	False	True	True	[0.43618834018707275, 0.563811719417572, 0.7688663601875305, 0.23113363981246948]	-0.33267804980278015	-0.20505467057228088	0.16633903980255127	-0.10252732038497925	0.563811719417572	[15202, 15202, 15202, 15201, 15201]	[15240, 15240, 15240, 15240, 15239]		
2550.96925	2.5217499999998836	epochs															maze_arm	177.0
2553.5125	5.179500000000189	epochs															feedback_and_iti	177.0
2553.5125	0.99350000000004	epochs															feedback_delay	177.0
2554.52675	1.9794999999999163	epochs															feedback	177.0
2556.698	1.9940000000001419	epochs															iti	177.0
2558.71625	7.947750000000269	epochs															maze	178.0
2558.71625	5.682749999999942	epochs															maze_stem	178.0
2558.7345	13.152000000000044	trials	False	False	False	True	False	True	[0.29011502861976624, 0.7098850011825562, 0.8406112790107727, 0.1593886762857437]	-0.5504962876439095	-0.13072631508111954	0.27524812519550323	0.06536315381526947	0.8406112790107727	[15273, 15272, 15272, 15272, 15272]	[15319, 15319, 15319, 15319, 15318]		
2564.41875	2.2452500000003965	epochs															maze_arm	178.0
2566.68075	5.184249999999793	epochs															feedback_and_iti	178.0
2566.68075	0.9867500000000291	epochs															feedback_delay	178.0
2567.687	1.9877500000002328	epochs															feedback	178.0
2569.8835	1.981499999999869	epochs															iti	178.0
2571.8865	7.142749999999978	epochs															maze	179.0
2571.8865	4.673749999999927	epochs															maze_stem	179.0
2571.909	12.340749999999844	trials	True	False	False	False	True	True	[0.2606770694255829, 0.7393229603767395, 0.7487648725509644, 0.25123515725135803]	-0.48808780312538147	-0.009441912174224854	0.24404390156269073	-0.004720941185951233	0.7393229603767395	[15351, 15351, 15351, 15351, 15351]	[15393, 15393, 15393, 15393, 15393]		
2576.58275	2.4465000000000146	epochs															maze_arm	179.0
2579.04875	5.183250000000044	epochs															feedback_and_iti	179.0
2579.04875	1.0	epochs															feedback_delay	179.0
2580.06975	1.9760000000001128	epochs															feedback	179.0
2582.256	1.9760000000001128	epochs															iti	179.0
2584.24975	11.985999999999876	epochs															maze	180.0
2584.24975	8.923749999999927	epochs															maze_stem	180.0
2584.26825	17.178249999999935	trials	False	False	False	True	False	True	[0.21639320254325867, 0.7836068272590637, 0.8244117498397827, 0.1755882352590561]	-0.6080185696482658	-0.040804944932460785	0.304009273648262	0.02040247619152069	0.8244117498397827	[15426, 15425, 15425, 15425, 15425]	[15497, 15496, 15496, 15496, 15496]		
2593.19125	3.044499999999971	epochs															maze_arm	180.0
2596.25075	5.1784999999999854	epochs															feedback_and_iti	180.0
2596.25075	0.9774999999999636	epochs															feedback_delay	180.0
2597.25375	1.9950000000003456	epochs															feedback	180.0
2599.443	1.9862499999999272	epochs															iti	180.0
2601.4465	8.245249999999942	epochs															maze	181.0
2601.4465	5.9699999999998	epochs															maze_stem	181.0
2601.468	13.421500000000378	trials	False	False	False	True	False	True	[0.23875689506530762, 0.7612431049346924, 0.7370274662971497, 0.26297247409820557]	-0.49827060103416443	0.024215608835220337	0.24913528561592102	-0.012107819318771362	0.7370274662971497	[15529, 15529, 15528, 15528, 15528]	[15577, 15577, 15577, 15577, 15576]		
2607.4345	2.2572500000001128	epochs															maze_arm	181.0
2609.71025	5.159499999999753	epochs															feedback_and_iti	181.0
2609.71025	0.9845000000000255	epochs															feedback_delay	181.0
2610.7145	1.9857499999998254	epochs															feedback	181.0
2612.8855	1.9842499999999745	epochs															iti	181.0
2614.8895	8.9399999999996	epochs															maze	182.0
2614.8895	7.207749999999578	epochs															maze_stem	182.0
2614.90975	14.14850000000024	trials	True	False	False	True	False	True	[0.28581503033638, 0.7141849398612976, 0.7736569046974182, 0.2263430655002594]	-0.4878418743610382	-0.059471964836120605	0.2439209371805191	0.02973596751689911	0.7736569046974182	[15609, 15609, 15609, 15609, 15608]	[15662, 15662, 15662, 15661, 15661]		
2622.11675	1.7127499999996871	epochs															maze_arm	182.0
2623.8495	5.187000000000353	epochs															feedback_and_iti	182.0
2623.8495	0.9890000000000327	epochs															feedback_delay	182.0
2624.859	1.9859999999998763	epochs															feedback	182.0
2627.038	1.9985000000001492	epochs															iti	182.0
2629.05825	10.441749999999956	epochs															maze	183.0
2629.05825	7.776249999999891	epochs															maze_stem	183.0
2629.076	15.63949999999977	trials	False	False	False	True	False	True	[0.2627467215061188, 0.7372533082962036, 0.7638538479804993, 0.23614613711833954]	-0.5011071488261223	-0.026600562036037445	0.25055356323719025	0.013300284743309021	0.7638538479804993	[15694, 15694, 15694, 15694, 15693]	[15756, 15756, 15755, 15755, 15755]		
2636.851	2.6489999999998872	epochs															maze_arm	183.0
2639.51525	5.180499999999938	epochs															feedback_and_iti	183.0
2639.51525	1.0084999999999127	epochs															feedback_delay	183.0
2640.548	1.9637500000003456	epochs															feedback	183.0
2642.70025	1.9954999999999927	epochs															iti	183.0
2644.7155	7.363250000000335	epochs															maze	184.0
2644.7155	5.738749999999982	epochs															maze_stem	184.0
2644.7345	14.389999999999873	trials	False	False	False	True	True	False	[0.29601916670799255, 0.7039808630943298, 0.7861644625663757, 0.21383556723594666]	-0.4901452958583832	-0.0821835994720459	-0.2450726479291916	-0.041091784834861755	0.21383556723594666	[15788, 15788, 15788, 15788, 15787]	[15831, 15831, 15831, 15831, 15831]		
2650.47425	1.6044999999999163	epochs															maze_arm	184.0
2652.095	7.008500000000367	epochs															feedback_and_iti	184.0
2652.095	0.9947500000002947	epochs															feedback_delay	184.0
2653.109	1.9712500000000546	epochs															feedback	184.0
2655.11725	3.986250000000382	epochs															iti	184.0
2659.1245	6.943000000000211	epochs															maze	185.0
2659.1245	4.88149999999996	epochs															maze_stem	185.0
2659.14525	12.148000000000138	trials	False	False	False	False	True	True	[0.20190493762493134, 0.7980950474739075, 0.5558223724365234, 0.44417762756347656]	-0.3539174273610115	0.24227268248796463	0.17695870995521545	0.12113633751869202	0.7980950474739075	[15875, 15874, 15874, 15874, 15874]	[15915, 15915, 15915, 15915, 15914]		
2664.02875	2.0387500000001637	epochs															maze_arm	185.0
2666.08825	5.1827500000003965	epochs															feedback_and_iti	185.0
2666.08825	0.9817500000003747	epochs															feedback_delay	185.0
2667.09175	1.9847500000000764	epochs															feedback	185.0
2669.28125	1.9897500000001855	epochs															iti	185.0
2671.29325	6.5974999999998545	epochs															maze	186.0
2671.29325	4.671249999999873	epochs															maze_stem	186.0
2671.312	13.6237500000002	trials	False	False	False	True	True	False	[0.12448220700025558, 0.8755177855491638, 0.6620122790336609, 0.33798766136169434]	-0.5375300981104374	0.21350548043847084	-0.26876506209373474	0.10675272345542908	0.33798766136169434	[15947, 15947, 15947, 15947, 15947]	[15986, 15986, 15986, 15985, 15985]		
2675.98225	1.9085000000000036	epochs															maze_arm	186.0
2677.90625	7.010999999999967	epochs															feedback_and_iti	186.0
2677.90625	1.0037499999998545	epochs															feedback_delay	186.0
2678.93175	1.9637499999998909	epochs															feedback	186.0
2680.93675	3.98050000000012	epochs															iti	186.0
2684.93575	6.059249999999793	epochs															maze	187.0
2684.93575	3.9892500000000837	epochs															maze_stem	187.0
2684.9545	13.092000000000098	trials	False	False	False	True	True	False	[0.16273154318332672, 0.8372684717178345, 0.3744546175003052, 0.6255453824996948]	-0.21172308176755905	0.4628138467669487	-0.10586154460906982	0.23140692710876465	0.6255453824996948	[16029, 16029, 16029, 16029, 16028]	[16065, 16064, 16064, 16064, 16064]		
2688.942	2.0529999999998836	epochs															maze_arm	187.0
2691.01125	7.018000000000029	epochs															feedback_and_iti	187.0
2691.01125	0.9852500000001783	epochs															feedback_delay	187.0
2692.01225	1.9837499999998727	epochs															feedback	187.0
2694.03225	3.9969999999998436	epochs															iti	187.0
2698.0465	7.357750000000124	epochs															maze	188.0
2698.0465	4.791999999999916	epochs															maze_stem	188.0
2698.065	14.394999999999982	trials	False	False	False	True	True	False	[0.21057122945785522, 0.7894287705421448, 0.3376600742340088, 0.6623399257659912]	-0.12708884477615356	0.451768696308136	-0.06354442238807678	0.225884348154068	0.6623399257659912	[16108, 16108, 16107, 16107, 16107]	[16151, 16151, 16151, 16150, 16150]		
2702.85575	2.5484999999998763	epochs															maze_arm	188.0
2705.42325	7.012000000000171	epochs															feedback_and_iti	188.0
2705.42325	0.9850000000001273	epochs															feedback_delay	188.0
2706.4245	1.987749999999778	epochs															feedback	188.0
2708.4455	3.9897500000001855	epochs															iti	188.0
2712.46	7.380749999999807	epochs															maze	189.0
2712.46	5.004500000000007	epochs															maze_stem	189.0
2712.4835	12.586250000000291	trials	False	False	False	False	True	True	[0.2214430570602417, 0.7785568833351135, 0.31460046768188477, 0.68539959192276]	-0.09315735101699829	0.46395647525787354	0.04657864570617676	0.23197823762893677	0.7785568833351135	[16194, 16194, 16194, 16194, 16193]	[16238, 16237, 16237, 16237, 16237]		
2717.4845	2.356249999999818	epochs															maze_arm	189.0
2719.8625	5.1847499999998945	epochs															feedback_and_iti	189.0
2719.8625	0.987999999999829	epochs															feedback_delay	189.0
2720.8765	1.9762500000001637	epochs															feedback	189.0
2723.06	1.987250000000131	epochs															iti	189.0
2725.06975	7.652999999999793	epochs															maze	190.0
2725.06975	5.542750000000069	epochs															maze_stem	190.0
2725.09025	12.82699999999977	trials	False	False	False	False	True	True	[0.10099194943904877, 0.89900803565979, 0.3484770357608795, 0.6515229344367981]	-0.24748509377241135	0.5505309924483299	0.12374255061149597	0.27526548504829407	0.89900803565979	[16270, 16270, 16270, 16269, 16269]	[16315, 16315, 16314, 16314, 16314]		
2730.63575	2.086999999999989	epochs															maze_arm	190.0
2732.7455	5.1525000000001455	epochs															feedback_and_iti	190.0
2732.7455	0.9902499999998327	epochs															feedback_delay	190.0
2733.7575	1.96875	epochs															feedback	190.0
2735.929	1.969000000000051	epochs															iti	190.0
2737.91725	7.1027500000000146	epochs															maze	191.0
2737.91725	4.980250000000069	epochs															maze_stem	191.0
2737.9355	14.148499999999785	trials	False	False	False	True	True	False	[0.13297545909881592, 0.8670245409011841, 0.5214711427688599, 0.4785288870334625]	-0.38849566876888275	0.3455534130334854	-0.19424782693386078	0.1727767139673233	0.4785288870334625	[16347, 16347, 16347, 16346, 16346]	[16389, 16388, 16388, 16388, 16388]		
2742.916	2.1039999999998145	epochs															maze_arm	191.0
2745.0385	7.025499999999738	epochs															feedback_and_iti	191.0
2745.0385	0.98700000000008	epochs															feedback_delay	191.0
2746.04225	1.9907499999999345	epochs															feedback	191.0
2748.0725	3.9914999999996326	epochs															iti	191.0
2752.084	8.40475000000015	epochs															maze	192.0
2752.084	5.631000000000313	epochs															maze_stem	192.0
2752.10075	13.621250000000146	trials	False	False	False	True	False	True	[0.2051951289176941, 0.7948049306869507, 0.34545013308525085, 0.6545498967170715]	-0.14025501906871796	0.44935478270053864	0.07012750208377838	-0.22467736899852753	0.34545013308525085	[16432, 16432, 16431, 16431, 16431]	[16481, 16481, 16481, 16481, 16481]		
2757.73275	2.755999999999858	epochs															maze_arm	192.0
2760.508	5.190000000000055	epochs															feedback_and_iti	192.0
2760.508	0.9897500000001855	epochs															feedback_delay	192.0
2761.51475	1.9837500000003274	epochs															feedback	192.0
2763.714	1.9839999999999236	epochs															iti	192.0
2765.722	10.148749999999836	epochs															maze	193.0
2765.722	7.7784999999998945	epochs															maze_stem	193.0
2765.7435	15.357250000000022	trials	False	False	False	False	True	True	[0.24094340205192566, 0.7590566277503967, 0.5987240076065063, 0.40127599239349365]	-0.3577806204557419	0.1603326052427292	0.17889031767845154	0.08016631007194519	0.7590566277503967	[16514, 16513, 16513, 16513, 16513]	[16574, 16573, 16573, 16573, 16573]		
2773.521	2.349749999999858	epochs															maze_arm	193.0
2775.891	5.190000000000055	epochs															feedback_and_iti	193.0
2775.891	0.987250000000131	epochs															feedback_delay	193.0
2776.908	1.9727499999999054	epochs															feedback	193.0
2779.08625	1.9947500000002947	epochs															iti	193.0
2781.10075	10.429250000000138	epochs															maze	194.0
2781.10075	8.228499999999713	epochs															maze_stem	194.0
2781.121	15.650000000000091	trials	False	False	False	False	True	True	[0.14034220576286316, 0.8596578240394592, 0.5967490673065186, 0.40325093269348145]	-0.4564068764448166	0.2629087418317795	0.2282034456729889	0.13145437836647034	0.8596578240394592	[16606, 16606, 16605, 16605, 16605]	[16667, 16667, 16667, 16667, 16667]		
2789.3475	2.1825000000003456	epochs															maze_arm	194.0
2791.5495	5.202499999999873	epochs															feedback_and_iti	194.0
2791.5495	0.9954999999999927	epochs															feedback_delay	194.0
2792.56625	1.9822500000000218	epochs															feedback	194.0
2794.75875	1.993249999999989	epochs															iti	194.0
2796.771	6.65625	epochs															maze	195.0
2796.771	4.982499999999618	epochs															maze_stem	195.0
2796.78925	11.828500000000076	trials	False	False	False	True	False	True	[0.16348005831241608, 0.8365199565887451, 0.6667780876159668, 0.3332219123840332]	-0.5032980367541313	0.16974186152219772	0.25164901465177536	-0.08487092703580856	0.6667780876159668	[16700, 16700, 16699, 16699, 16699]	[16739, 16739, 16738, 16738, 16738]		
2801.7725	1.6547500000001492	epochs															maze_arm	195.0
2803.4435	5.153000000000247	epochs															feedback_and_iti	195.0
2803.4435	0.9909999999999854	epochs															feedback_delay	195.0
2804.44975	1.981999999999971	epochs															feedback	195.0
2806.62375	1.9727499999999054	epochs															iti	195.0
2808.61775	6.470000000000255	epochs															maze	196.0
2808.61775	4.650500000000193	epochs															maze_stem	196.0
2808.639	11.679999999999836	trials	True	False	False	False	True	True	[0.23986175656318665, 0.7601382732391357, 0.6878497004508972, 0.312150239944458]	-0.44798798859119415	0.07228852808475494	0.22399401664733887	0.036144256591796875	0.7601382732391357	[16771, 16771, 16770, 16770, 16770]	[16772, 16772, 16772, 16772, 16772]		
2813.29125	1.7964999999999236	epochs															maze_arm	196.0
2815.11125	5.185249999999996	epochs															feedback_and_iti	196.0
2815.11125	0.9985000000001492	epochs															feedback_delay	196.0
2816.13275	1.9782499999996617	epochs															feedback	196.0
2818.30975	1.986750000000029	epochs															iti	196.0
2820.319	7.320250000000215	epochs															maze	197.0
2820.319	4.939499999999953	epochs															maze_stem	197.0
2820.341	12.494000000000142	trials	False	False	False	False	True	True	[0.1778152585029602, 0.8221847414970398, 0.7666037678718567, 0.23339615762233734]	-0.5887885466217995	0.05558093637228012	0.2943942919373512	0.027790449559688568	0.8221847414970398	[-2147483648, -2147483648, -2147483648, -2147483648, -2147483648]	[-2147483648, -2147483648, -2147483648, -2147483648, -2147483648]		
2825.27975	2.3595000000000255	epochs															maze_arm	197.0
2827.662	5.151000000000295	epochs															feedback_and_iti	197.0
2827.662	0.9972500000003492	epochs															feedback_delay	197.0
2828.68325	1.9597499999999854	epochs															feedback	197.0
2830.8315	1.9815000000003238	epochs															iti	197.0
2832.835	8.196249999999964	epochs															maze	198.0
2832.835	6.129500000000007	epochs															maze_stem	198.0
2832.85675	13.382500000000164	trials	True	False	False	False	True	True	[0.16509462893009186, 0.8349053263664246, 0.7316336035728455, 0.26836642622947693]	-0.5665389373898506	0.10327176004648209	0.2832694500684738	0.051635876297950745	0.8349053263664246	[-2147483648, -2147483648, -2147483648, -2147483648, -2147483648]	[-2147483648, -2147483648, -2147483648, -2147483648, -2147483648]		
2838.98375	2.0475000000001273	epochs															maze_arm	198.0
2841.05075	5.167750000000069	epochs															feedback_and_iti	198.0
2841.05075	0.9862499999999272	epochs															feedback_delay	198.0
2842.0605	1.97524999999996	epochs															feedback	198.0
2844.24325	1.97524999999996	epochs															iti	198.0
2846.23925	22.238749999999982	epochs															maze	199.0
2846.23925	19.861249999999927	epochs															maze_stem	199.0
2846.26	29.278999999999996	trials	False	False	False	False	False	False	[0.2005748450756073, 0.7994251847267151, 0.7540843486785889, 0.24591565132141113]	-0.5535095185041428	0.04534082114696503	-0.2767547518014908	-0.022670403122901917	0.2005748450756073	[-2147483648, -2147483648, -2147483648, -2147483648, -2147483648]	[-2147483648, -2147483648, -2147483648, -2147483648, -2147483648]		
2866.12025	2.3577500000001237	epochs															maze_arm	199.0
2868.49825	7.019999999999982	epochs															feedback_and_iti	199.0
2868.49825	0.9852499999997235	epochs															feedback_delay	199.0
2869.50525	1.9904999999998836	epochs															feedback	199.0
2871.53475	3.9835000000002765	epochs															iti	199.0
2875.539	6.003999999999905	epochs															maze	200.0
2875.539	4.304749999999785	epochs															maze_stem	200.0
2875.559	11.204499999999825	trials	True	False	False	True	False	True	[0.399827241897583, 0.600172758102417, 0.6649615168571472, 0.335038423538208]	-0.2651343047618866	-0.06478878855705261	0.1325671374797821	0.03239437937736511	0.6649615168571472	[-2147483648, -2147483648, -2147483648, -2147483648, -2147483648]	[-2147483648, -2147483648, -2147483648, -2147483648, -2147483648]		
2879.86275	1.680250000000342	epochs															maze_arm	200.0
2881.5645	5.1717499999999745	epochs															feedback_and_iti	200.0
2881.5645	0.9825000000000728	epochs															feedback_delay	200.0
2882.56725	1.98050000000012	epochs															feedback	200.0
2884.76275	1.9735000000000582	epochs															iti	200.0
2886.7635	7.901249999999891	epochs															maze	201.0
2886.7635	5.285249999999905	epochs															maze_stem	201.0
2886.7825	13.092750000000251	trials	False	False	False	True	False	True	[0.3447664976119995, 0.6552335023880005, 0.8064754605293274, 0.19352449476718903]	-0.46170898526906967	-0.1512419804930687	0.23085448145866394	0.07562097907066345	0.8064754605293274	[16773, 16773, 16773, 16773, 16773]	[16804, 16803, 16803, 16803, 16803]		
2892.06975	2.5949999999998	epochs															maze_arm	201.0
2894.68375	5.170999999999822	epochs															feedback_and_iti	201.0
2894.68375	0.9892499999996289	epochs															feedback_delay	201.0
2895.691	1.9895000000001346	epochs															feedback	201.0
2897.88025	1.9744999999998072	epochs															iti	201.0
2899.87525	6.9477499999998145	epochs															maze	202.0
2899.87525	5.036749999999756	epochs															maze_stem	202.0
2899.89425	12.155999999999949	trials	False	False	False	False	True	True	[0.34530478715896606, 0.6546951532363892, 0.8082770705223083, 0.19172294437885284]	-0.4629722461104393	-0.1535818800330162	0.23148610442876816	-0.076790951192379	0.6546951532363892	[16836, 16836, 16835, 16835, 16835]	[16876, 16876, 16876, 16876, 16876]		
2904.93525	1.887749999999869	epochs															maze_arm	202.0
2906.8485	5.184249999999793	epochs															feedback_and_iti	202.0
2906.8485	0.9902499999998327	epochs															feedback_delay	202.0
2907.86125	1.9859999999998763	epochs															feedback	202.0
2910.065	1.9677499999997963	epochs															iti	202.0
2912.05025	6.282500000000255	epochs															maze	203.0
2912.05025	4.397750000000087	epochs															maze_stem	203.0
2912.072	11.461499999999887	trials	True	False	False	False	True	True	[0.20068290829658508, 0.7993171215057373, 0.810601532459259, 0.18939846754074097]	-0.6099186390638351	-0.011284425854682922	0.30495932698249817	-0.005642205476760864	0.7993171215057373	[16909, 16909, 16908, 16908, 16908]	[16945, 16945, 16945, 16945, 16945]		
2916.4715	1.8612499999999272	epochs															maze_arm	203.0
2918.35675	5.156500000000051	epochs															feedback_and_iti	203.0
2918.35675	0.9845000000000255	epochs															feedback_delay	203.0
2919.37	1.9700000000002547	epochs															feedback	203.0
2921.54525	1.9679999999998472	epochs															iti	203.0
2923.5335	6.176249999999982	epochs															maze	204.0
2923.5335	4.46349999999984	epochs															maze_stem	204.0
2923.55175	11.399249999999938	trials	True	False	False	False	True	True	[0.2460060715675354, 0.7539939284324646, 0.8224995732307434, 0.1775004267692566]	-0.576493501663208	-0.06850564479827881	0.288246750831604	-0.034252822399139404	0.7539939284324646	[16978, 16977, 16977, 16977, 16977]	[17014, 17013, 17013, 17013, 17013]		
2928.0175	1.6922500000000582	epochs															maze_arm	204.0
2929.72975	5.203500000000076	epochs															feedback_and_iti	204.0
2929.72975	0.9992499999998472	epochs															feedback_delay	204.0
2930.748	1.969749999999749	epochs															feedback	204.0
2932.949	1.9842499999999745	epochs															iti	204.0
2934.951	7.510999999999967	epochs															maze	205.0
2934.951	5.025749999999789	epochs															maze_stem	205.0
2934.969	14.551750000000084	trials	False	False	False	True	True	False	[0.24274402856826782, 0.757256031036377, 0.7956077456474304, 0.20439228415489197]	-0.5528637319803238	-0.03835172951221466	-0.2764318734407425	-0.01917584240436554	0.20439228415489197	[17046, 17046, 17046, 17045, 17045]	[17090, 17090, 17090, 17090, 17089]		
2939.99725	2.4647500000000946	epochs															maze_arm	205.0
2942.47975	7.018500000000131	epochs															feedback_and_iti	205.0
2942.47975	0.987999999999829	epochs															feedback_delay	205.0
2943.4845	1.9837499999998727	epochs															feedback	205.0
2945.502	3.9962500000001455	epochs															iti	205.0
2949.52075	7.517749999999978	epochs															maze	206.0
2949.52075	5.008749999999964	epochs															maze_stem	206.0
2949.54175	14.552000000000135	trials	False	False	False	False	False	False	[0.20190954208374023, 0.7980905175209045, 0.5529080033302307, 0.4470919966697693]	-0.35099849104881287	0.24518248438835144	-0.17549923062324524	-0.12259122729301453	0.20190954208374023	[17133, 17133, 17133, 17133, 17133]	[17177, 17177, 17177, 17177, 17177]		
2954.548	2.4905000000003383	epochs															maze_arm	206.0
2957.06125	7.015249999999924	epochs															feedback_and_iti	206.0
2957.06125	0.9867499999995744	epochs															feedback_delay	206.0
2958.06975	1.9777500000000146	epochs															feedback	206.0
2960.0875	3.9890000000000327	epochs															iti	206.0
2964.09375	6.771499999999833	epochs															maze	207.0
2964.09375	4.8604999999997744	epochs															maze_stem	207.0
2964.112	11.985749999999825	trials	False	False	False	True	False	True	[0.433329701423645, 0.5666702389717102, 0.7259482741355896, 0.2740517258644104]	-0.2926185429096222	-0.159278005361557	0.1463092863559723	0.07963898777961731	0.7259482741355896	[17221, 17221, 17220, 17220, 17220]	[17260, 17260, 17260, 17260, 17260]		
2968.9715	1.8937499999997272	epochs															maze_arm	207.0
2970.882	5.1967500000000655	epochs															feedback_and_iti	207.0
2970.882	0.9832499999997708	epochs															feedback_delay	207.0
2971.883	2.0022500000000036	epochs															feedback	207.0
2974.0895	1.9892500000000837	epochs															iti	207.0
2976.09775	8.81625000000031	epochs															maze	208.0
2976.09775	6.532500000000255	epochs															maze_stem	208.0
2976.11875	14.022500000000036	trials	False	False	False	False	True	True	[0.37486302852630615, 0.6251369714736938, 0.7941300272941589, 0.20586997270584106]	-0.4192669987678528	-0.1689930558204651	0.2096334993839264	-0.08449652791023254	0.6251369714736938	[17293, 17293, 17292, 17292, 17292]	[17345, 17344, 17344, 17344, 17344]		
2982.6525	2.261500000000069	epochs															maze_arm	208.0
2984.93575	5.184999999999945	epochs															feedback_and_iti	208.0
2984.93575	0.9850000000001273	epochs															feedback_delay	208.0
2985.9445	1.9895000000001346	epochs															feedback	208.0
2988.1325	1.98824999999988	epochs															iti	208.0
2990.14125	7.309999999999945	epochs															maze	209.0
2990.14125	5.137499999999818	epochs															maze_stem	209.0
2990.16175	12.49624999999969	trials	True	False	False	True	False	True	[0.1942993700504303, 0.8057006001472473, 0.7774033546447754, 0.2225966900587082]	-0.5831039473414421	0.02829728275537491	0.29155199229717255	-0.014148637652397156	0.7774033546447754	[17377, 17377, 17377, 17376, 17376]	[17420, 17420, 17419, 17419, 17419]		
2995.29625	2.1550000000002	epochs															maze_arm	209.0
2997.471	5.1655000000000655	epochs															feedback_and_iti	209.0
2997.471	0.9960000000000946	epochs															feedback_delay	209.0
2998.49075	1.9655000000002474	epochs															feedback	209.0
3000.6675	1.969000000000051	epochs															iti	209.0
3002.658	7.022750000000087	epochs															maze	210.0
3002.658	5.436500000000251	epochs															maze_stem	210.0
3002.678	12.190500000000156	trials	False	False	False	False	True	True	[0.23911868035793304, 0.7608813643455505, 0.7215286493301392, 0.27847135066986084]	-0.4824099913239479	0.039352692663669586	0.24120500683784485	0.01967635750770569	0.7608813643455505	[17452, 17452, 17452, 17451, 17451]	[17493, 17493, 17493, 17493, 17492]		
3008.11425	1.5664999999999054	epochs															maze_arm	210.0
3009.701	5.147500000000036	epochs															feedback_and_iti	210.0
3009.701	0.98174999999992	epochs															feedback_delay	210.0
3010.7055	1.9802500000000691	epochs															feedback	210.0
3012.88425	1.9642499999999927	epochs															iti	210.0
3014.8685	7.494499999999789	epochs															maze	211.0
3014.8685	4.944500000000062	epochs															maze_stem	211.0
3014.88975	14.558500000000095	trials	False	False	False	False	False	False	[0.19506043195724487, 0.8049396276473999, 0.7992112636566162, 0.2007886916399002]	-0.6041508838534355	0.005728311836719513	-0.30207541584968567	-0.002864152193069458	0.19506043195724487	[17525, 17525, 17525, 17525, 17524]	[17569, 17569, 17569, 17569, 17568]		
3019.83925	2.5237499999998363	epochs															maze_arm	211.0
3022.3855	7.043750000000273	epochs															feedback_and_iti	211.0
3022.3855	0.9882500000003347	epochs															feedback_delay	211.0
3023.395	1.9862499999999272	epochs															feedback	211.0
3025.4175	4.01175000000012	epochs															iti	211.0
3029.44825	8.16775000000007	epochs															maze	212.0
3029.44825	5.448249999999916	epochs															maze_stem	212.0
3029.468	13.376000000000204	trials	False	False	False	False	True	True	[0.49809232354164124, 0.5019077062606812, 0.7523015737533569, 0.2476983666419983]	-0.2542092949151993	-0.25039391219615936	0.12710466980934143	-0.12519696354866028	0.5019077062606812	[17613, 17612, 17612, 17612, 17612]	[17661, 17660, 17660, 17660, 17660]		
3034.91625	2.699749999999767	epochs															maze_arm	212.0
3037.63675	5.186249999999745	epochs															feedback_and_iti	212.0
3037.63675	0.98824999999988	epochs															feedback_delay	212.0
3038.647	1.981999999999971	epochs															feedback	212.0
3040.83675	1.9862499999999272	epochs															iti	212.0
3042.844	6.7527500000001055	epochs															maze	213.0
3042.844	4.60024999999996	epochs															maze_stem	213.0
3042.86425	11.949499999999716	trials	False	False	False	False	True	True	[0.20790474116802216, 0.7920952439308167, 0.7757980227470398, 0.2242019772529602]	-0.567893274128437	0.016297228634357452	0.2839466333389282	0.008148610591888428	0.7920952439308167	[17693, 17693, 17692, 17692, 17692]	[17732, 17732, 17732, 17732, 17732]		
3047.4675	2.1292499999999563	epochs															maze_arm	213.0
3049.618	5.171249999999873	epochs															feedback_and_iti	213.0
3049.618	0.9827500000001237	epochs															feedback_delay	213.0
3050.62325	1.9715000000001055	epochs															feedback	213.0
3052.80325	1.9859999999998763	epochs															iti	213.0
3054.81375	7.5460000000002765	epochs															maze	214.0
3054.81375	4.677750000000287	epochs															maze_stem	214.0
3054.83425	14.575000000000273	trials	False	False	False	True	True	False	[0.1867462694644928, 0.8132537007331848, 0.7599180936813354, 0.24008196592330933]	-0.5731717795133591	0.05333565175533295	-0.28658586740493774	0.02666783332824707	0.24008196592330933	[17765, 17764, 17764, 17764, 17764]	[17809, 17809, 17809, 17808, 17808]		
3059.51275	2.8470000000002074	epochs															maze_arm	214.0
3062.3765	7.0147500000002765	epochs															feedback_and_iti	214.0
3062.3765	0.9852500000001783	epochs															feedback_delay	214.0
3063.381	1.9812500000002728	epochs															feedback	214.0
3065.3965	3.9947500000002947	epochs															iti	214.0
3069.40925	7.189499999999953	epochs															maze	215.0
3069.40925	4.36850000000004	epochs															maze_stem	215.0
3069.427	12.405249999999796	trials	False	False	False	True	False	True	[0.19274508953094482, 0.8072549104690552, 0.5140011310577393, 0.48599886894226074]	-0.32125604152679443	0.2932537794113159	0.16062802076339722	-0.14662688970565796	0.5140011310577393	[17852, 17852, 17852, 17852, 17851]	[17894, 17894, 17894, 17894, 17894]		
3073.796	2.8027500000002874	epochs															maze_arm	215.0
3076.6145	5.1967500000000655	epochs															feedback_and_iti	215.0
3076.6145	0.9832499999997708	epochs															feedback_delay	215.0
3077.61525	1.9957500000000437	epochs															feedback	215.0
3079.83	1.9812500000002728	epochs															iti	215.0
3081.83225	6.810500000000047	epochs															maze	216.0
3081.83225	5.2647500000002765	epochs															maze_stem	216.0
3081.851	12.033249999999953	trials	False	False	False	False	True	True	[0.24809911847114563, 0.7519009113311768, 0.7061375379562378, 0.2938624620437622]	-0.45803843438625336	0.04576335847377777	0.22901922464370728	0.022881686687469482	0.7519009113311768	[17927, 17926, 17926, 17926, 17926]	[17967, 17966, 17966, 17966, 17966]		
3087.11625	1.5264999999999418	epochs															maze_arm	216.0
3088.6695	5.186500000000251	epochs															feedback_and_iti	216.0
3088.6695	0.9972499999998945	epochs															feedback_delay	216.0
3089.68875	1.9752500000004147	epochs															feedback	216.0
3091.88375	1.9722500000002583	epochs															iti	216.0
3093.88425	7.394999999999982	epochs															maze	217.0
3093.88425	5.189499999999953	epochs															maze_stem	217.0
3093.9035	12.5925000000002	trials	False	False	False	True	False	True	[0.15026426315307617, 0.8497357368469238, 0.72700434923172, 0.27299565076828003]	-0.5767400860786438	0.12273138761520386	0.2883700430393219	-0.06136569380760193	0.72700434923172	[17999, 17999, 17999, 17998, 17998]	[18042, 18042, 18042, 18042, 18041]		
3099.09275	2.186500000000251	epochs															maze_arm	217.0
3101.294	5.1837500000001455	epochs															feedback_and_iti	217.0
3101.294	1.0005000000001019	epochs															feedback_delay	217.0
3102.31475	1.9765000000002146	epochs															feedback	217.0
3104.4805	1.9972499999998945	epochs															iti	217.0
3106.496	7.79950000000008	epochs															maze	218.0
3106.496	5.154500000000098	epochs															maze_stem	218.0
3106.51525	12.997000000000298	trials	False	False	False	True	False	True	[0.22369380295276642, 0.7763062119483948, 0.708489179611206, 0.29151079058647156]	-0.4847953990101814	0.06781700998544693	0.24239768832921982	-0.03390850871801376	0.708489179611206	[18075, 18074, 18074, 18074, 18074]	[18120, 18120, 18120, 18120, 18120]		
3111.67175	2.6237500000002	epochs															maze_arm	218.0
3114.31675	5.176249999999982	epochs															feedback_and_iti	218.0
3114.31675	0.9822500000000218	epochs															feedback_delay	218.0
3115.31625	1.9900000000002365	epochs															feedback	218.0
3117.51225	1.9807499999997162	epochs															iti	218.0
3119.51225	6.025499999999738	epochs															maze	219.0
3119.51225	4.256999999999607	epochs															maze_stem	219.0
3119.53125	13.07549999999992	trials	False	False	False	True	True	False	[0.27918437123298645, 0.7208155989646912, 0.7616910338401794, 0.23830896615982056]	-0.4825066477060318	-0.04087541997432709	-0.2412533164024353	-0.02043771743774414	0.23830896615982056	[18153, 18152, 18152, 18152, 18152]	[18188, 18188, 18187, 18187, 18187]		
3123.79275	1.7449999999998909	epochs															maze_arm	219.0
3125.554	7.027999999999793	epochs															feedback_and_iti	219.0
3125.554	0.9877499999997781	epochs															feedback_delay	219.0
3126.55925	1.9857500000002801	epochs															feedback	219.0
3128.58325	3.9987499999997453	epochs															iti	219.0
3132.60675	7.801500000000033	epochs															maze	220.0
3132.60675	5.038000000000011	epochs															maze_stem	220.0
3132.63225	14.837500000000091	trials	False	False	False	False	False	False	[0.20829598605632782, 0.7917040586471558, 0.5294256210327148, 0.47057440876960754]	-0.3211296424269676	0.2622784301638603	-0.1605648174881935	-0.13113919645547867	0.20829598605632782	[18231, 18231, 18231, 18230, 18230]	[18277, 18277, 18277, 18276, 18276]		
3137.67325	2.7350000000001273	epochs															maze_arm	220.0
3140.431	7.018750000000182	epochs															feedback_and_iti	220.0
3140.431	0.9854999999997744	epochs															feedback_delay	220.0
3141.4395	1.9834999999998217	epochs															feedback	220.0
3143.46575	3.9840000000003783	epochs															iti	220.0
3147.46975	8.03924999999981	epochs															maze	221.0
3147.46975	5.481249999999818	epochs															maze_stem	221.0
3147.48975	13.215499999999793	trials	False	False	False	False	True	True	[0.42134931683540344, 0.5786506533622742, 0.7128123044967651, 0.28718775510787964]	-0.2914629429578781	-0.13416160643100739	0.14573144912719727	-0.0670807957649231	0.5786506533622742	[18320, 18320, 18320, 18320, 18319]	[18367, 18367, 18367, 18367, 18367]		
3152.97425	2.5347499999998035	epochs															maze_arm	221.0
3155.5365	5.151499999999942	epochs															feedback_and_iti	221.0
3155.5365	0.9884999999999309	epochs															feedback_delay	221.0
3156.5465	1.9692500000001019	epochs															feedback	221.0
3158.71225	1.9757500000000618	epochs															iti	221.0
3160.70525	7.3034999999999854	epochs															maze	222.0
3160.70525	5.0037499999998545	epochs															maze_stem	222.0
3160.72425	12.491999999999734	trials	False	False	False	True	False	True	[0.1856498122215271, 0.8143501877784729, 0.726219654083252, 0.27378037571907043]	-0.5405698269605637	0.08813054859638214	0.2702849209308624	-0.044065266847610474	0.726219654083252	[18400, 18399, 18399, 18399, 18399]	[18442, 18442, 18442, 18442, 18442]		
3165.7315	2.2772500000000946	epochs															maze_arm	222.0
3168.0285	5.166999999999916	epochs															feedback_and_iti	222.0
3168.0285	0.9802500000000691	epochs															feedback_delay	222.0
3169.0355	1.9890000000000327	epochs															feedback	222.0
3171.21575	1.9797499999999673	epochs															iti	222.0
3173.21625	8.505999999999858	epochs															maze	223.0
3173.21625	6.137749999999869	epochs															maze_stem	223.0
3173.236	13.704750000000331	trials	True	False	False	True	False	True	[0.23841509222984314, 0.7615849375724792, 0.7151014804840088, 0.284898579120636]	-0.47668637335300446	0.04648347198963165	0.23834319412708282	-0.023241713643074036	0.7151014804840088	[18475, 18474, 18474, 18474, 18474]	[18525, 18524, 18524, 18524, 18524]		
3179.373	2.3492499999997563	epochs															maze_arm	223.0
3181.7435	5.172250000000076	epochs															feedback_and_iti	223.0
3181.7435	0.9967499999997926	epochs															feedback_delay	223.0
3182.76075	1.9635000000002947	epochs															feedback	223.0
3184.9185	1.9972499999998945	epochs															iti	223.0
3186.94075	7.60799999999972	epochs															maze	224.0
3186.94075	4.843999999999596	epochs															maze_stem	224.0
3186.962	12.792249999999967	trials	False	False	False	True	False	True	[0.2817135155200958, 0.7182865142822266, 0.7661552429199219, 0.23384468257427216]	-0.48444177955389023	-0.04786878079175949	0.24222086369991302	0.02393437922000885	0.7661552429199219	[18557, 18557, 18556, 18556, 18556]	[18601, 18601, 18601, 18601, 18601]		
3191.8025	2.7462500000001455	epochs															maze_arm	224.0
3194.56475	5.170250000000124	epochs															feedback_and_iti	224.0
3194.56475	0.9922499999997854	epochs															feedback_delay	224.0
3195.576	1.9809999999997672	epochs															feedback	224.0
3197.748	1.98700000000008	epochs															iti	224.0
3199.75425	7.8777500000001055	epochs															maze	225.0
3199.75425	5.035249999999905	epochs															maze_stem	225.0
3199.7745	13.063500000000204	trials	True	False	False	False	True	True	[0.3166881203651428, 0.6833118200302124, 0.7905066013336182, 0.20949342846870422]	-0.47381843626499176	-0.10719473659992218	0.2369091957807541	-0.05359737575054169	0.6833118200302124	[18634, 18633, 18633, 18633, 18633]	[18680, 18680, 18680, 18679, 18679]		
3204.80875	2.8232499999999163	epochs															maze_arm	225.0
3207.652	5.167500000000018	epochs															feedback_and_iti	225.0
3207.652	0.9812499999998181	epochs															feedback_delay	225.0
3208.65225	1.98050000000012	epochs															feedback	225.0
3210.83925	1.9802500000000691	epochs															iti	225.0
3212.838	6.275749999999789	epochs															maze	226.0
3212.838	4.210749999999734	epochs															maze_stem	226.0
3212.85425	13.306750000000193	trials	False	False	False	True	True	False	[0.2300010770559311, 0.7699989676475525, 0.836897611618042, 0.163102388381958]	-0.6068965569138527	-0.06689866632223129	-0.30344828963279724	-0.03344932198524475	0.163102388381958	[18712, 18712, 18712, 18712, 18711]	[18749, 18749, 18748, 18748, 18748]		
3217.0665	2.0472500000000764	epochs															maze_arm	226.0
3219.1315	7.010999999999967	epochs															feedback_and_iti	226.0
3219.1315	0.9945000000002437	epochs															feedback_delay	226.0
3220.14075	1.9797499999999673	epochs															feedback	226.0
3222.157	3.9854999999997744	epochs															iti	226.0
3226.161	5.712999999999738	epochs															maze	227.0
3226.161	4.3162499999998545	epochs															maze_stem	227.0
3226.1795	12.75274999999965	trials	False	False	False	True	True	False	[0.17841608822345734, 0.8215838670730591, 0.4922989308834076, 0.50770103931427]	-0.31388283520936966	0.3292849436402321	-0.15694141387939453	0.16464245319366455	0.50770103931427	[18792, 18792, 18792, 18791, 18791]	[18825, 18825, 18825, 18825, 18824]		
3230.49375	1.3802499999997053	epochs															maze_arm	227.0
3231.8905	7.01949999999988	epochs															feedback_and_iti	227.0
3231.8905	0.9932499999999891	epochs															feedback_delay	227.0
3232.89925	1.9780000000000655	epochs															feedback	227.0
3234.914	3.99599999999964	epochs															iti	227.0
3238.93225	6.748000000000047	epochs															maze	228.0
3238.93225	4.45575000000008	epochs															maze_stem	228.0
3238.957	11.945750000000317	trials	False	False	False	False	True	True	[0.21119557321071625, 0.7888043522834778, 0.3968704044818878, 0.6031296253204346]	-0.1856747791171074	0.39193399995565414	0.0928373634815216	0.19596698880195618	0.7888043522834778	[18869, 18868, 18868, 18868, 18868]	[18908, 18908, 18908, 18907, 18907]		
3243.406	2.274249999999938	epochs															maze_arm	228.0
3245.6995	5.179749999999785	epochs															feedback_and_iti	228.0
3245.6995	0.9899999999997817	epochs															feedback_delay	228.0
3246.716	1.9659999999998945	epochs															feedback	228.0
3248.89725	1.981999999999971	epochs															iti	228.0
3250.90275	6.275749999999789	epochs															maze	229.0
3250.90275	4.65625	epochs															maze_stem	229.0
3250.92375	11.461499999999887	trials	False	False	False	False	True	True	[0.10666850954294205, 0.8933315277099609, 0.4664033055305481, 0.5335966348648071]	-0.35973484441637993	0.42692817375063896	0.1798674464225769	0.21346408128738403	0.8933315277099609	[18940, 18940, 18940, 18940, 18940]	[18977, 18977, 18977, 18976, 18976]		
3255.5785	1.599999999999909	epochs															maze_arm	229.0
3257.1975	5.168499999999767	epochs															feedback_and_iti	229.0
3257.1975	0.9907499999999345	epochs															feedback_delay	229.0
3258.21225	1.9737500000001091	epochs															feedback	229.0
3260.38275	1.9832499999997708	epochs															iti	229.0
3262.38525	6.472000000000207	epochs															maze	230.0
3262.38525	4.535000000000309	epochs															maze_stem	230.0
3262.40225	11.666749999999865	trials	False	False	False	True	False	True	[0.143649160861969, 0.856350839138031, 0.6156265139579773, 0.3843734562397003]	-0.4719773679971695	0.24072431027889252	0.23598867654800415	-0.12036216259002686	0.6156265139579773	[19009, 19009, 19009, 19009, 19008]	[19047, 19047, 19047, 19046, 19046]		
3266.9385	1.918749999999818	epochs															maze_arm	230.0
3268.88175	5.167249999999967	epochs															feedback_and_iti	230.0
3268.88175	0.9920000000001892	epochs															feedback_delay	230.0
3269.8905	1.9747499999998581	epochs															feedback	230.0
3272.06325	1.9857499999998254	epochs															iti	230.0
3274.069	7.032999999999902	epochs															maze	231.0
3274.069	5.018750000000182	epochs															maze_stem	231.0
3274.08875	12.209249999999884	trials	False	False	False	False	True	True	[0.22564548254013062, 0.7743545174598694, 0.6740444898605347, 0.3259555399417877]	-0.44839899241924286	0.10031004250049591	0.22419948875904083	0.05015502870082855	0.7743545174598694	[19079, 19079, 19079, 19079, 19078]	[19120, 19120, 19120, 19120, 19120]		
3279.11475	1.9872499999996762	epochs															maze_arm	231.0
3281.12275	5.153749999999945	epochs															feedback_and_iti	231.0
3281.12275	0.9932499999999891	epochs															feedback_delay	231.0
3282.1385	1.9677499999997963	epochs															feedback	231.0
3284.29875	1.9777500000000146	epochs															iti	231.0
3286.298	6.468250000000353	epochs															maze	232.0
3286.298	4.355000000000018	epochs															maze_stem	232.0
3286.319	11.669499999999971	trials	False	False	False	False	True	True	[0.1488530933856964, 0.851146936416626, 0.7122735381126404, 0.28772640228271484]	-0.5634204894304276	0.13887335360050201	0.28171026706695557	0.06943666934967041	0.851146936416626	[19153, 19152, 19152, 19152, 19152]	[19190, 19190, 19190, 19190, 19190]		
3290.672	2.094250000000102	epochs															maze_arm	232.0
3292.79	5.179250000000138	epochs															feedback_and_iti	232.0
3292.79	0.9949999999998909	epochs															feedback_delay	232.0
3293.80525	1.9815000000003238	epochs															feedback	232.0
3295.99575	1.9735000000000582	epochs															iti	232.0
3297.9885	7.835250000000087	epochs															maze	233.0
3297.9885	4.779500000000098	epochs															maze_stem	233.0
3298.00525	14.86850000000004	trials	False	False	False	True	True	False	[0.16858364641666412, 0.8314163088798523, 0.7333915829658508, 0.26660844683647156]	-0.5648078992962837	0.09802476316690445	-0.28240393102169037	0.049012377858161926	0.26660844683647156	[19223, 19222, 19222, 19222, 19222]	[19269, 19268, 19268, 19268, 19268]		
3302.7865	3.037249999999858	epochs															maze_arm	233.0
3305.8405	7.015250000000378	epochs															feedback_and_iti	233.0
3305.8405	0.9885000000003856	epochs															feedback_delay	233.0
3306.8435	1.9757500000000618	epochs															feedback	233.0
3308.86475	3.9909999999999854	epochs															iti	233.0
3312.87375	7.820749999999862	epochs															maze	234.0
3312.87375	5.425249999999778	epochs															maze_stem	234.0
3312.892	14.869250000000193	trials	False	False	False	True	True	False	[0.18375003337860107, 0.8162500262260437, 0.466036319732666, 0.533963680267334]	-0.28228631615638733	0.3502136766910553	-0.14114317297935486	0.17510685324668884	0.533963680267334	[19312, 19312, 19311, 19311, 19311]	[19358, 19358, 19357, 19357, 19357]		
3318.3195	2.375	epochs															maze_arm	234.0
3320.70875	7.031750000000102	epochs															feedback_and_iti	234.0
3320.70875	0.9975000000004002	epochs															feedback_delay	234.0
3321.723	1.9847500000000764	epochs															feedback	234.0
3323.74425	3.9962499999996908	epochs															iti	234.0
3327.76125	7.389000000000124	epochs															maze	235.0
3327.76125	5.016250000000127	epochs															maze_stem	235.0
3327.781	12.599500000000262	trials	False	False	False	False	True	True	[0.2131342887878418, 0.7868657112121582, 0.3818793296813965, 0.6181206703186035]	-0.1687450408935547	0.4049863815307617	0.08437252044677734	0.20249319076538086	0.7868657112121582	[19401, 19401, 19401, 19401, 19400]	[19445, 19444, 19444, 19444, 19444]		
3332.80175	2.348500000000058	epochs															maze_arm	235.0
3335.17125	5.189499999999953	epochs															feedback_and_iti	235.0
3335.17125	0.9942500000001928	epochs															feedback_delay	235.0
3336.1885	1.9674999999997453	epochs															feedback	235.0
3338.3765	1.9842499999999745	epochs															iti	235.0
3340.3805	6.867749999999887	epochs															maze	236.0
3340.3805	4.955249999999978	epochs															maze_stem	236.0
3340.39975	12.051249999999982	trials	False	False	False	False	True	True	[0.10835814476013184, 0.8916419148445129, 0.4413793385028839, 0.5586206316947937]	-0.33302123844623566	0.45026253163814545	0.16651064157485962	0.22513127326965332	0.8916419148445129	[19477, 19477, 19476, 19476, 19476]	[19517, 19517, 19517, 19516, 19516]		
3345.354	1.8942500000002838	epochs															maze_arm	236.0
3347.27125	5.160750000000007	epochs															feedback_and_iti	236.0
3347.27125	0.9880000000002838	epochs															feedback_delay	236.0
3348.28125	1.9729999999999563	epochs															feedback	236.0
3350.4415	1.9904999999998836	epochs															iti	236.0
3352.451	6.629750000000058	epochs															maze	237.0
3352.451	4.4845000000000255	epochs															maze_stem	237.0
3352.4705	11.82400000000007	trials	True	False	False	True	False	True	[0.1405954509973526, 0.8594045042991638, 0.5890954732894897, 0.4109044671058655]	-0.44850002974271774	0.2703090235590935	0.22425001114606857	-0.13515453785657883	0.5890954732894897	[19549, 19549, 19549, 19549, 19548]	[19588, 19588, 19588, 19587, 19587]		
3356.95425	2.1265000000003056	epochs															maze_arm	237.0
3359.1055	5.169750000000022	epochs															feedback_and_iti	237.0
3359.1055	0.9964999999997417	epochs															feedback_delay	237.0
3360.127	1.975500000000011	epochs															feedback	237.0
3362.307	1.9682500000003529	epochs															iti	237.0
3364.2945	7.0717500000000655	epochs															maze	238.0
3364.2945	4.820000000000164	epochs															maze_stem	238.0
3364.3135	12.28274999999985	trials	False	False	False	True	False	True	[0.17556394636631012, 0.8244360685348511, 0.5736410617828369, 0.4263589382171631]	-0.3980771228671074	0.25079499930143356	0.1990385577082634	-0.12539749592542648	0.5736410617828369	[19620, 19620, 19620, 19620, 19619]	[19662, 19661, 19661, 19661, 19661]		
3369.13475	2.231499999999869	epochs															maze_arm	238.0
3371.38525	5.182250000000295	epochs															feedback_and_iti	238.0
3371.38525	0.9867500000000291	epochs															feedback_delay	238.0
3372.38875	1.9829999999997199	epochs															feedback	238.0
3374.5645	2.0030000000001564	epochs															iti	238.0
3376.59625	6.938499999999749	epochs															maze	239.0
3376.59625	4.3842500000000655	epochs															maze_stem	239.0
3376.6175	12.125250000000051	trials	True	False	False	True	False	True	[0.27745285630226135, 0.722547173500061, 0.728081464767456, 0.2719185948371887]	-0.4506285935640335	-0.005534276366233826	0.22531430423259735	0.0027671605348587036	0.728081464767456	[19694, 19694, 19694, 19693, 19693]	[19735, 19734, 19734, 19734, 19734]		
3380.99775	2.536999999999807	epochs															maze_arm	239.0
3383.5535	5.169499999999971	epochs															feedback_and_iti	239.0
3383.5535	0.9812499999998181	epochs															feedback_delay	239.0
3384.5535	1.99350000000004	epochs															feedback	239.0
3386.75175	1.9712500000000546	epochs															iti	239.0
3388.74275	5.593499999999949	epochs															maze	240.0
3388.74275	3.7267500000002656	epochs															maze_stem	240.0
3388.762	10.775749999999789	trials	True	False	False	True	False	True	[0.2655445635318756, 0.7344554662704468, 0.737740695476532, 0.2622593343257904]	-0.47219613194465637	-0.003285229206085205	0.23609806597232819	0.0016426295042037964	0.737740695476532	[19767, 19767, 19766, 19766, 19766]	[19799, 19799, 19799, 19799, 19799]		
3392.4885	1.8477499999999054	epochs															maze_arm	240.0
3394.35775	5.161000000000058	epochs															feedback_and_iti	240.0
3394.35775	0.9949999999998909	epochs															feedback_delay	240.0
3395.3765	1.9727500000003602	epochs															feedback	240.0
3397.54225	1.9765000000002146	epochs															iti	240.0
3399.53775	5.421249999999873	epochs															maze	241.0
3399.53775	3.7012500000000728	epochs															maze_stem	241.0
3399.55525	12.461250000000291	trials	False	False	False	True	True	False	[0.2740233838558197, 0.7259766459465027, 0.7503706216812134, 0.24962931871414185]	-0.47634728252887726	-0.024394020438194275	-0.23817366361618042	-0.012197017669677734	0.24962931871414185	[19831, 19831, 19831, 19831, 19831]	[19863, 19863, 19863, 19862, 19862]		
3403.25525	1.7037499999996726	epochs															maze_arm	241.0
3404.97575	7.017749999999978	epochs															feedback_and_iti	241.0
3404.97575	1.0039999999999054	epochs															feedback_delay	241.0
3406.004	1.9647500000000946	epochs															feedback	241.0
3408.014	3.9794999999999163	epochs															iti	241.0
3412.0165	7.026749999999993	epochs															maze	242.0
3412.0165	5.3289999999997235	epochs															maze_stem	242.0
3412.037	14.073750000000018	trials	False	False	False	False	False	False	[0.21202674508094788, 0.7879732251167297, 0.5375825762748718, 0.46241745352745056]	-0.32555580139160156	0.2503906786441803	-0.16277791559696198	-0.12519533932209015	0.21202674508094788	[19906, 19906, 19906, 19906, 19906]	[19947, 19947, 19947, 19947, 19947]		
3417.36525	1.6780000000003383	epochs															maze_arm	242.0
3419.06575	7.017999999999574	epochs															feedback_and_iti	242.0
3419.06575	0.9777500000000146	epochs															feedback_delay	242.0
3420.0665	1.9802500000000691	epochs															feedback	242.0
3422.0855	3.9982499999996435	epochs															iti	242.0
3426.11075	5.923500000000331	epochs															maze	243.0
3426.11075	4.128750000000309	epochs															maze_stem	243.0
3426.1345	11.121000000000095	trials	False	False	False	True	False	True	[0.44204744696617126, 0.5579525828361511, 0.7176516056060791, 0.2823483943939209]	-0.27560417354106903	-0.15969903767108917	0.13780207931995392	0.07984952628612518	0.7176516056060791	[19991, 19991, 19990, 19990, 19990]	[20025, 20025, 20025, 20025, 20025]		
3430.2555	1.7787499999999454	epochs															maze_arm	243.0
3432.0585	5.170749999999771	epochs															feedback_and_iti	243.0
3432.0585	0.9960000000000946	epochs															feedback_delay	243.0
3433.0715	1.9777500000000146	epochs															feedback	243.0
3435.24425	1.9849999999996726	epochs															iti	243.0
3437.2555	9.800249999999778	epochs															maze	244.0
3437.2555	7.024749999999585	epochs															maze_stem	244.0
3437.27625	14.999749999999949	trials	False	False	False	False	True	True	[0.38606852293014526, 0.61393141746521, 0.7853987216949463, 0.2146012932062149]	-0.39933016151189804	-0.17146726697683334	0.19966506212949753	-0.08573364466428757	0.61393141746521	[20058, 20057, 20057, 20057, 20057]	[20115, 20115, 20115, 20115, 20115]		
3444.30275	2.7530000000001564	epochs															maze_arm	244.0
3447.07725	5.1784999999999854	epochs															feedback_and_iti	244.0
3447.07725	0.9864999999999782	epochs															feedback_delay	244.0
3448.085	1.9895000000001346	epochs															feedback	244.0
3450.279	1.9767499999998108	epochs															iti	244.0
3452.276	6.08600000000024	epochs															maze	245.0
3452.276	3.93100000000004	epochs															maze_stem	245.0
3452.29575	11.287499999999909	trials	True	False	False	True	False	True	[0.20014671981334686, 0.7998532652854919, 0.7593860626220703, 0.2406139373779297]	-0.5592393353581429	0.04046721011400223	0.2796196714043617	-0.020233608782291412	0.7593860626220703	[20148, 20147, 20147, 20147, 20147]	[20183, 20183, 20183, 20183, 20182]		
3456.22625	2.1357499999999163	epochs															maze_arm	245.0
3458.38225	5.177749999999833	epochs															feedback_and_iti	245.0
3458.38225	0.9987499999997453	epochs															feedback_delay	245.0
3459.4	1.9767499999998108	epochs															feedback	245.0
3461.59225	1.9677499999997963	epochs															iti	245.0
3463.58325	7.019999999999982	epochs															maze	246.0
3463.58325	4.444250000000011	epochs															maze_stem	246.0
3463.6095	12.228749999999764	trials	True	False	False	False	True	True	[0.24837960302829742, 0.751620352268219, 0.7046302556991577, 0.2953697144985199]	-0.4562506452202797	0.046990104019641876	0.22812531888484955	0.023495033383369446	0.751620352268219	[20215, 20215, 20215, 20215, 20215]	[20257, 20256, 20256, 20256, 20256]		
3468.04675	2.556500000000142	epochs															maze_arm	246.0
3470.62325	5.191749999999956	epochs															feedback_and_iti	246.0
3470.62325	0.9942499999997381	epochs															feedback_delay	246.0
3471.6405	1.9699999999998	epochs															feedback	246.0
3473.8255	1.9895000000001346	epochs															iti	246.0
3475.83825	6.469250000000102	epochs															maze	247.0
3475.83825	4.266750000000229	epochs															maze_stem	247.0
3475.8545	11.67450000000008	trials	False	False	False	True	False	True	[0.2220160812139511, 0.7779839634895325, 0.8128750324249268, 0.18712496757507324]	-0.5908589735627174	-0.03489109128713608	0.2954294756054878	0.017445556819438934	0.8128750324249268	[20289, 20289, 20289, 20288, 20288]	[20327, 20327, 20326, 20326, 20326]		
3480.125	2.182499999999891	epochs															maze_arm	247.0
3482.323	5.184250000000247	epochs															feedback_and_iti	247.0
3482.323	1.0	epochs															feedback_delay	247.0
3483.33975	1.9894999999996799	epochs															feedback	247.0
3485.5275	1.9797499999999673	epochs															iti	247.0
3487.529	6.46225000000004	epochs															maze	248.0
3487.529	4.104499999999916	epochs															maze_stem	248.0
3487.551	11.64175000000023	trials	True	False	False	True	False	True	[0.25263118743896484, 0.7473688125610352, 0.7326056957244873, 0.2673942744731903]	-0.47997452318668365	0.014763101935386658	0.23998725414276123	-0.007381558418273926	0.7326056957244873	[20359, 20359, 20359, 20358, 20358]	[20397, 20397, 20396, 20396, 20396]		
3491.654	2.33725000000004	epochs															maze_arm	248.0
3494.0145	5.158999999999651	epochs															feedback_and_iti	248.0
3494.0145	0.9822499999995671	epochs															feedback_delay	248.0
3495.01675	1.9735000000000582	epochs															feedback	248.0
3497.19025	1.9832499999997708	epochs															iti	248.0
3499.19275	6.5222499999999854	epochs															maze	249.0
3499.19275	3.9332500000000437	epochs															maze_stem	249.0
3499.21025	13.571750000000065	trials	False	False	False	True	True	False	[0.28131598234176636, 0.7186840176582336, 0.7612496018409729, 0.2387503832578659]	-0.47993362694978714	-0.042565591633319855	-0.23996681720018387	-0.021282799541950226	0.2387503832578659	[20429, 20429, 20429, 20428, 20428]	[20467, 20467, 20467, 20467, 20466]		
3503.145	2.5700000000001637	epochs															maze_arm	249.0
3505.732	7.0300000000002	epochs															feedback_and_iti	249.0
3505.732	0.9887499999999818	epochs															feedback_delay	249.0
3506.73725	1.98700000000008	epochs															feedback	249.0
3508.76475	3.9972500000003492	epochs															iti	249.0
3512.782	6.624249999999847	epochs															maze	250.0
3512.782	4.821249999999964	epochs															maze_stem	250.0
3512.8	11.844499999999698	trials	False	True	True	False	False	True	[0.2164009064435959, 0.7835990190505981, 0.5418791174888611, 0.4581209123134613]	-0.325478158891201	0.24171995371580124	-0.1627391055226326	-0.12085998803377151	0.2164009064435959	[20510, 20510, 20510, 20510, 20510]	[20549, 20549, 20549, 20549, 20548]		
3517.62575	1.7804999999998472	epochs															maze_arm	250.0
3519.423	5.200500000000375	epochs															feedback_and_iti	250.0
3519.423	0.9972500000003492	epochs															feedback_delay	250.0
3520.43775	1.9780000000000655	epochs															feedback	250.0
3522.63725	1.9862499999999272	epochs															iti	250.0
3524.6445	6.880750000000262	epochs															maze	251.0
3524.6445	4.8400000000001455	epochs															maze_stem	251.0
3524.664	13.918499999999767	trials	False	True	False	True	False	False	[0.44959497451782227, 0.5504050850868225, 0.7638668417930603, 0.23613309860229492]	-0.3142719268798828	-0.21346181631088257	0.15713593363761902	0.10673090815544128	0.7638668417930603	[20582, 20581, 20581, 20581, 20581]	[20622, 20622, 20621, 20621, 20621]		
3529.514	2.011250000000018	epochs															maze_arm	251.0
3531.54175	7.019999999999982	epochs															feedback_and_iti	251.0
3531.54175	0.9897500000001855	epochs															feedback_delay	251.0
3532.549	1.9920000000001892	epochs															feedback	251.0
3534.57575	3.9859999999998763	epochs															iti	251.0
3538.5825	6.844000000000051	epochs															maze	252.0
3538.5825	3.938000000000102	epochs															maze_stem	252.0
3538.60075	12.025000000000091	trials	True	True	False	True	True	True	[0.39809295535087585, 0.6019070744514465, 0.7168946266174316, 0.28310534358024597]	-0.3188017010688782	-0.1149875819683075	-0.15940086543560028	-0.05749379098415375	0.28310534358024597	[20665, 20665, 20665, 20665, 20664]	[20705, 20705, 20705, 20705, 20704]		
3542.53975	2.88675000000012	epochs															maze_arm	252.0
3545.45375	5.15099999999984	epochs															feedback_and_iti	252.0
3545.45375	0.98824999999988	epochs															feedback_delay	252.0
3546.46225	1.980750000000171	epochs															feedback	252.0
3548.62325	1.981499999999869	epochs															iti	252.0
3550.62575	5.711749999999938	epochs															maze	253.0
3550.62575	4.047249999999622	epochs															maze_stem	253.0
3550.647	10.900000000000091	trials	False	True	False	True	True	True	[0.2886355519294739, 0.7113645076751709, 0.5881648063659668, 0.4118351340293884]	-0.2995293140411377	0.12319964170455933	-0.14976468682289124	0.06159982085227966	0.4118351340293884	[20737, 20737, 20737, 20737, 20737]	[20771, 20770, 20770, 20770, 20770]		
3554.69675	1.6407500000000255	epochs															maze_arm	253.0
3556.35375	5.168249999999716	epochs															feedback_and_iti	253.0
3556.35375	0.9972499999998945	epochs															feedback_delay	253.0
3557.36825	1.9789999999998145	epochs															feedback	253.0
3559.5345	1.9874999999997272	epochs															iti	253.0
3561.547	5.391500000000178	epochs															maze	254.0
3561.547	3.7970000000000255	epochs															maze_stem	254.0
3561.57375	10.590499999999793	trials	False	True	False	True	True	True	[0.1696770340204239, 0.8303229212760925, 0.3588126003742218, 0.6411874294281006]	-0.18913552910089493	0.4715103581547737	-0.09456774592399597	0.23575517535209656	0.6411874294281006	[20803, 20803, 20802, 20802, 20802]	[20834, 20834, 20834, 20834, 20833]		
3565.36725	1.5712500000004184	epochs															maze_arm	254.0
3566.9575	5.1862500000002	epochs															feedback_and_iti	254.0
3566.9575	1.0032500000002074	epochs															feedback_delay	254.0
3567.98325	1.9719999999997526	epochs															feedback	254.0
3570.1555	1.9882500000003347	epochs															iti	254.0
3572.16425	5.9715000000001055	epochs															maze	255.0
3572.16425	4.186000000000149	epochs															maze_stem	255.0
3572.184	11.16549999999961	trials	True	True	False	True	True	True	[0.16144685447216034, 0.8385531306266785, 0.26961570978164673, 0.7303842902183533]	-0.10816884785890579	0.5689374282956123	-0.0540844202041626	0.28446871042251587	0.7303842902183533	[20866, 20866, 20866, 20866, 20866]	[20901, 20901, 20901, 20901, 20901]		
3576.37075	1.7649999999998727	epochs															maze_arm	255.0
3578.1555	5.173000000000229	epochs															feedback_and_iti	255.0
3578.1555	0.9880000000002838	epochs															feedback_delay	255.0
3579.167	1.9772499999999127	epochs															feedback	255.0
3581.3465	1.981999999999971	epochs															iti	255.0
3583.3495	6.111250000000382	epochs															maze	256.0
3583.3495	4.083000000000084	epochs															maze_stem	256.0
3583.37	13.1550000000002	trials	False	True	False	False	True	False	[0.19612820446491241, 0.8038718104362488, 0.26515448093414307, 0.7348454594612122]	-0.06902631372213364	0.5387172922492027	0.03451317548751831	0.26935863494873047	0.8038718104362488	[20934, 20933, 20933, 20933, 20933]	[20969, 20969, 20969, 20969, 20968]		
3587.4505	2.010250000000269	epochs															maze_arm	256.0
3589.4835	7.020750000000135	epochs															feedback_and_iti	256.0
3589.4835	0.9952500000003965	epochs															feedback_delay	256.0
3590.4965	1.974999999999909	epochs															feedback	256.0
3592.5065	3.9977499999999964	epochs															iti	256.0
3596.525	7.296249999999873	epochs															maze	257.0
3596.525	4.603250000000116	epochs															maze_stem	257.0
3596.54575	12.501999999999953	trials	False	True	False	True	True	True	[0.22694581747055054, 0.7730541825294495, 0.32340511679649353, 0.6765948534011841]	-0.09645931422710419	0.44964905083179474	-0.04822966456413269	0.22482451796531677	0.6765948534011841	[21013, 21012, 21012, 21012, 21012]	[21055, 21055, 21055, 21055, 21055]		
3601.15	2.6712499999998727	epochs															maze_arm	257.0
3603.84025	5.177499999999782	epochs															feedback_and_iti	257.0
3603.84025	0.9819999999999709	epochs															feedback_delay	257.0
3604.842	1.9924999999998363	epochs															feedback	257.0
3607.0325	1.9852500000001783	epochs															iti	257.0
3609.04775	7.197249999999713	epochs															maze	258.0
3609.04775	4.168249999999716	epochs															maze_stem	258.0
3609.0685	12.384250000000065	trials	True	True	False	True	True	True	[0.18023160099983215, 0.8197683691978455, 0.21850888431072235, 0.7814911007881165]	-0.0382772758603096	0.6012594923377037	-0.019138634204864502	0.30062973499298096	0.7814911007881165	[21088, 21087, 21087, 21087, 21087]	[21130, 21130, 21129, 21129, 21129]		
3613.23475	3.0102499999998145	epochs															maze_arm	258.0
3616.2655	5.16800000000012	epochs															feedback_and_iti	258.0
3616.2655	0.9867500000000291	epochs															feedback_delay	258.0
3617.275	1.9842499999999745	epochs															feedback	258.0
3619.44475	1.9887499999999818	epochs															iti	258.0
3621.45275	7.36725000000024	epochs															maze	259.0
3621.45275	3.932749999999942	epochs															maze_stem	259.0
3621.4725	12.539750000000367	trials	False	True	False	True	True	True	[0.22026702761650085, 0.7797330021858215, 0.2280706912279129, 0.7719292640686035]	-0.007803700864315033	0.5516622737050056	-0.003901869058609009	0.2758311331272125	0.7719292640686035	[21162, 21162, 21162, 21161, 21161]	[21205, 21205, 21205, 21205, 21204]		
3625.40425	3.4157500000001164	epochs															maze_arm	259.0
3628.83775	5.1534999999998945	epochs															feedback_and_iti	259.0
3628.83775	0.9937499999996362	epochs															feedback_delay	259.0
3629.84875	1.9717499999997017	epochs															feedback	259.0
3632.00725	1.9839999999999236	epochs															iti	259.0
3634.01225	14.982249999999567	epochs															maze	260.0
3634.01225	10.73949999999968	epochs															maze_stem	260.0
3634.03325	20.15475000000015	trials	False	True	False	True	True	True	[0.1763453185558319, 0.8236546516418457, 0.17808902263641357, 0.8219110369682312]	-0.0017436593770980835	0.6455656737089157	-0.000871807336807251	0.32278284430503845	0.8219110369682312	[21237, 21237, 21237, 21237, 21237]	[21326, 21326, 21326, 21326, 21325]		
3644.7715	4.222999999999956	epochs															maze_arm	260.0
3649.015	5.148750000000291	epochs															feedback_and_iti	260.0
3649.015	0.9895000000001346	epochs															feedback_delay	260.0
3650.024	1.9697500000002037	epochs															feedback	260.0
3652.196	1.967750000000251	epochs															iti	260.0
3654.188	6.1287499999998545	epochs															maze	261.0
3654.188	3.976249999999709	epochs															maze_stem	261.0
3654.211	13.164000000000215	trials	False	True	False	False	True	False	[0.17833086848258972, 0.8216691017150879, 0.16738784313201904, 0.8326122164726257]	0.01094307005405426	0.6542813032865524	-0.005471557378768921	0.3271406590938568	0.8216691017150879	[21358, 21358, 21358, 21358, 21357]	[21394, 21394, 21394, 21393, 21393]		
3658.185	2.131750000000011	epochs															maze_arm	261.0
3660.337	7.016500000000178	epochs															feedback_and_iti	261.0
3660.337	0.9837499999998727	epochs															feedback_delay	261.0
3661.343	1.9845000000000255	epochs															feedback	261.0
3663.369	3.9845000000000255	epochs															iti	261.0
3667.375	6.329999999999927	epochs															maze	262.0
3667.375	4.003000000000156	epochs															maze_stem	262.0
3667.398	11.514749999999822	trials	True	True	False	True	True	True	[0.2363259196281433, 0.7636740803718567, 0.2531096935272217, 0.7468903064727783]	-0.01678377389907837	0.510564386844635	-0.008391886949539185	0.2552821934223175	0.7468903064727783	[21437, 21437, 21437, 21437, 21437]	[21474, 21474, 21474, 21474, 21474]		
3671.40075	2.3042500000001382	epochs															maze_arm	262.0
3673.7265	5.164249999999811	epochs															feedback_and_iti	262.0
3673.7265	0.9897499999997308	epochs															feedback_delay	262.0
3674.73625	1.9832500000002256	epochs															feedback	262.0
3676.89525	1.9954999999999927	epochs															iti	262.0
3678.91275	7.954999999999927	epochs															maze	263.0
3678.91275	4.472250000000258	epochs															maze_stem	263.0
3678.9345	14.987500000000182	trials	True	True	False	False	True	False	[0.29822400212287903, 0.7017760276794434, 0.21964198350906372, 0.7803579568862915]	0.07858197391033173	0.48213399946689606	-0.03929096460342407	0.24106699228286743	0.7017760276794434	[21507, 21506, 21506, 21506, 21506]	[21553, 21553, 21553, 21553, 21552]		
3683.4055	3.46225000000004	epochs															maze_arm	263.0
3686.89025	7.010499999999865	epochs															feedback_and_iti	263.0
3686.89025	0.981499999999869	epochs															feedback_delay	263.0
3687.89475	1.974500000000262	epochs															feedback	263.0
3689.905	3.995749999999589	epochs															iti	263.0
3693.922	6.518000000000029	epochs															maze	264.0
3693.922	4.317000000000007	epochs															maze_stem	264.0
3693.944	13.554250000000138	trials	False	True	False	True	False	False	[0.28494375944137573, 0.7150562405586243, 0.20758531987667084, 0.792414665222168]	0.0773584321141243	0.5074709132313728	-0.03867921978235245	-0.2537354603409767	0.20758531987667084	[21596, 21596, 21596, 21596, 21596]	[21635, 21634, 21634, 21634, 21634]		
3698.2575	2.182499999999891	epochs															maze_arm	264.0
3700.45825	7.018749999999727	epochs															feedback_and_iti	264.0
3700.45825	0.9989999999997963	epochs															feedback_delay	264.0
3701.4745	1.9800000000000182	epochs															feedback	264.0
3703.49075	3.9862499999999272	epochs															iti	264.0
3707.49825	6.0349999999998545	epochs															maze	265.0
3707.49825	3.8162499999998545	epochs															maze_stem	265.0
3707.51925	13.074500000000171	trials	False	True	False	False	True	False	[0.4354499578475952, 0.5645500421524048, 0.4847923517227173, 0.5152076482772827]	-0.04934239387512207	0.0797576904296875	0.024671196937561035	0.03987884521484375	0.5645500421524048	[21678, 21678, 21677, 21677, 21677]	[21713, 21713, 21713, 21713, 21712]		
3711.335	2.1982499999999163	epochs															maze_arm	265.0
3713.549	7.023000000000138	epochs															feedback_and_iti	265.0
3713.549	0.9875000000001819	epochs															feedback_delay	265.0
3714.5525	1.9917500000001382	epochs															feedback	265.0
3716.5815	3.9905000000003383	epochs															iti	265.0
3720.59375	6.7224999999998545	epochs															maze	266.0
3720.59375	4.119250000000193	epochs															maze_stem	266.0
3720.61525	11.894750000000386	trials	False	True	False	True	True	True	[0.3509955406188965, 0.6490044593811035, 0.3785647749900818, 0.6214352250099182]	-0.027569234371185303	0.27043968439102173	-0.013784617185592651	0.13521984219551086	0.6214352250099182	[21756, 21756, 21756, 21756, 21756]	[21796, 21796, 21795, 21795, 21795]		
3724.734	2.582249999999931	epochs															maze_arm	266.0
3727.33575	5.155499999999847	epochs															feedback_and_iti	266.0
3727.33575	0.9839999999999236	epochs															feedback_delay	266.0
3728.3435	1.9782500000001164	epochs															feedback	266.0
3730.50725	1.9839999999999236	epochs															iti	266.0
3732.51	7.065749999999753	epochs															maze	267.0
3732.51	5.0229999999996835	epochs															maze_stem	267.0
3732.5315	14.093249999999898	trials	False	True	False	True	False	False	[0.3137776553630829, 0.6862223744392395, 0.26607921719551086, 0.7339207530021667]	0.047698408365249634	0.42014312744140625	-0.02384921908378601	-0.21007156372070312	0.26607921719551086	[21828, 21828, 21827, 21827, 21827]	[21869, 21869, 21869, 21869, 21868]		
3737.55875	2.0169999999998254	epochs															maze_arm	267.0
3739.5935	7.010749999999916	epochs															feedback_and_iti	267.0
3739.5935	0.9864999999999782	epochs															feedback_delay	267.0
3740.6	1.98050000000012	epochs															feedback	267.0
3742.616	3.98824999999988	epochs															iti	267.0
3746.62475	9.023749999999836	epochs															maze	268.0
3746.62475	6.749499999999898	epochs															maze_stem	268.0
3746.645	14.212750000000142	trials	True	True	False	False	False	True	[0.44308599829673767, 0.5569140315055847, 0.5307899713516235, 0.46921005845069885]	-0.08770397305488586	0.02612406015396118	-0.04385198652744293	-0.013062015175819397	0.44308599829673767	[21912, 21912, 21912, 21912, 21912]	[21966, 21965, 21965, 21965, 21965]		
3753.3955	2.2529999999997017	epochs															maze_arm	268.0
3755.67575	5.1534999999998945	epochs															feedback_and_iti	268.0
3755.67575	0.992750000000342	epochs															feedback_delay	268.0
3756.68925	1.9614999999998872	epochs															feedback	268.0
3758.844	1.9852499999997235	epochs															iti	268.0
3760.85775	6.089249999999993	epochs															maze	269.0
3760.85775	4.335749999999734	epochs															maze_stem	269.0
3760.87825	13.113999999999578	trials	False	True	False	True	False	False	[0.6010140776634216, 0.39898598194122314, 0.6165465712547302, 0.3834534287452698]	-0.015532523393630981	-0.21756061911582947	0.007766246795654297	0.10878032445907593	0.6165465712547302	[21998, 21998, 21997, 21997, 21997]	[22033, 22033, 22033, 22033, 22033]		
3765.2175	1.7294999999999163	epochs															maze_arm	269.0
3766.963	7.008749999999964	epochs															feedback_and_iti	269.0
3766.963	1.0027499999996508	epochs															feedback_delay	269.0
3767.98625	1.9614999999998872	epochs															feedback	269.0
3769.98925	3.9825000000000728	epochs															iti	269.0
3773.99225	6.854000000000269	epochs															maze	270.0
3773.99225	4.152000000000044	epochs															maze_stem	270.0
3774.00975	12.055249999999887	trials	True	True	False	True	True	True	[0.5629117488861084, 0.4370882511138916, 0.6715995669364929, 0.32840049266815186]	-0.10868778824806213	-0.23451128602027893	-0.05434387922286987	-0.11725562810897827	0.32840049266815186	[22077, 22076, 22076, 22076, 22076]	[22117, 22117, 22116, 22116, 22116]		
3778.169	2.6772500000001855	epochs															maze_arm	270.0
3780.869	5.174250000000029	epochs															feedback_and_iti	270.0
3780.869	0.9829999999997199	epochs															feedback_delay	270.0
3781.8725	1.993750000000091	epochs															feedback	270.0
3784.05975	1.9835000000002765	epochs															iti	270.0
3786.065	6.212500000000091	epochs															maze	271.0
3786.065	4.36974999999984	epochs															maze_stem	271.0
3786.0855	11.411499999999705	trials	False	True	False	False	False	True	[0.48875540494918823, 0.5112445950508118, 0.5479628443717957, 0.45203709602355957]	-0.05920746922492981	-0.036718279123306274	-0.02960371971130371	0.018359124660491943	0.48875540494918823	[22149, 22149, 22149, 22148, 22148]	[22185, 22185, 22185, 22185, 22184]		
3790.45725	1.8202500000002146	epochs															maze_arm	271.0
3792.29525	5.181749999999738	epochs															feedback_and_iti	271.0
3792.29525	0.9927499999998872	epochs															feedback_delay	271.0
3793.30425	1.9887499999999818	epochs															feedback	271.0
3795.499	1.9780000000000655	epochs															iti	271.0
3797.497	7.078750000000127	epochs															maze	272.0
3797.497	4.6652500000000146	epochs															maze_stem	272.0
3797.52	12.26974999999993	trials	False	True	False	True	True	True	[0.7324294447898865, 0.2675705850124359, 0.6050452589988708, 0.39495477080345154]	0.12738418579101562	-0.33747467398643494	0.06369209289550781	-0.16873732209205627	0.39495477080345154	[22217, 22217, 22217, 22217, 22217]	[22259, 22259, 22259, 22258, 22258]		
3802.18225	2.393500000000131	epochs															maze_arm	272.0
3804.592	5.177999999999884	epochs															feedback_and_iti	272.0
3804.592	0.9967499999997926	epochs															feedback_delay	272.0
3805.606	1.9852499999997235	epochs															feedback	272.0
3807.77375	1.9962500000001455	epochs															iti	272.0
3809.78975	6.814249999999902	epochs															maze	273.0
3809.78975	4.385250000000269	epochs															maze_stem	273.0
3809.809	12.018000000000029	trials	True	True	False	True	True	True	[0.49840211868286133, 0.5015978217124939, 0.378751277923584, 0.6212486624717712]	0.11965084075927734	0.12284654378890991	0.05982542037963867	0.06142324209213257	0.6212486624717712	[22291, 22291, 22291, 22291, 22290]	[22331, 22331, 22331, 22331, 22330]		
3814.19425	2.4097499999998035	epochs															maze_arm	273.0
3816.62975	5.177499999999782	epochs															feedback_and_iti	273.0
3816.62975	0.9794999999999163	epochs															feedback_delay	273.0
3817.63025	1.9907499999999345	epochs															feedback	273.0
3819.8185	1.9887499999999818	epochs															iti	273.0
3821.827	6.116249999999582	epochs															maze	274.0
3821.827	3.9699999999998	epochs															maze_stem	274.0
3821.84825	11.304250000000138	trials	False	True	False	True	True	True	[0.4906182587146759, 0.5093817114830017, 0.2849943935871124, 0.71500563621521]	0.20562389492988586	0.22438734769821167	0.10281196236610413	0.11219367384910583	0.71500563621521	[22363, 22363, 22363, 22363, 22363]	[22399, 22399, 22399, 22399, 22398]		
3825.81875	2.124499999999898	epochs															maze_arm	274.0
3827.964	5.164499999999862	epochs															feedback_and_iti	274.0
3827.964	0.99350000000004	epochs															feedback_delay	274.0
3828.9765	1.9797499999999673	epochs															feedback	274.0
3831.162	1.9664999999999964	epochs															iti	274.0
3833.1525	5.604499999999916	epochs															maze	275.0
3833.1525	3.906999999999698	epochs															maze_stem	275.0
3833.175	10.799749999999676	trials	False	True	False	False	False	True	[0.4284963309764862, 0.5715036988258362, 0.21006593108177185, 0.7899340987205505]	0.21843039989471436	0.36143776774406433	0.10921519994735718	-0.18071886897087097	0.4284963309764862	[22431, 22431, 22431, 22431, 22430]	[22464, 22464, 22464, 22463, 22463]		
3837.084	1.6730000000002292	epochs															maze_arm	275.0
3838.7735	5.178750000000036	epochs															feedback_and_iti	275.0
3838.7735	0.9895000000001346	epochs															feedback_delay	275.0
3839.78125	1.9887499999999818	epochs															feedback	275.0
3841.978	1.9742499999997563	epochs															iti	275.0
3843.97475	7.5	epochs															maze	276.0
3843.97475	4.539750000000367	epochs															maze_stem	276.0
3843.998	12.668499999999767	trials	False	True	False	True	True	True	[0.7027539610862732, 0.2972460389137268, 0.30479031801223755, 0.6952096819877625]	0.39796364307403564	-0.007544279098510742	0.19898182153701782	-0.003772139549255371	0.6952096819877625	[22496, 22496, 22496, 22496, 22495]	[22540, 22540, 22540, 22540, 22539]		
3848.5355	2.9392499999999018	epochs															maze_arm	276.0
3851.496	5.149499999999989	epochs															feedback_and_iti	276.0
3851.496	0.9825000000000728	epochs															feedback_delay	276.0
3852.497	1.9892500000000837	epochs															feedback	276.0
3854.6595	1.9859999999998763	epochs															iti	276.0
3856.6665	5.5017500000003565	epochs															maze	277.0
3856.6665	3.9817500000003747	epochs															maze_stem	277.0
3856.687	10.695250000000215	trials	False	True	False	False	False	True	[0.5438987612724304, 0.45610129833221436, 0.20700332522392273, 0.7929966449737549]	0.3368953913450241	0.24909792840480804	0.16844771802425385	-0.12454895675182343	0.5438987612724304	[22572, 22572, 22572, 22572, 22571]	[22604, 22604, 22604, 22604, 22603]		
3860.668	1.500250000000051	epochs															maze_arm	277.0
3862.1875	5.171249999999873	epochs															feedback_and_iti	277.0
3862.1875	0.9904999999998836	epochs															feedback_delay	277.0
3863.19525	1.9774999999999636	epochs															feedback	277.0
3865.3665	1.9922499999997854	epochs															iti	277.0
3867.38225	5.823750000000018	epochs															maze	278.0
3867.38225	4.074999999999818	epochs															maze_stem	278.0
3867.40275	10.998999999999796	trials	False	True	False	False	False	True	[0.7595747709274292, 0.2404252290725708, 0.2608095109462738, 0.7391904592514038]	0.4987652450799942	-0.020384296774864197	0.2493826299905777	0.010192140936851501	0.7595747709274292	[22636, 22636, 22636, 22636, 22636]	[22670, 22670, 22670, 22670, 22670]		
3871.47825	1.7277500000000146	epochs															maze_arm	278.0
3873.22275	5.158500000000004	epochs															feedback_and_iti	278.0
3873.22275	0.9917500000001382	epochs															feedback_delay	278.0
3874.23375	1.9855000000002292	epochs															feedback	278.0
3876.3975	1.9837499999998727	epochs															iti	278.0
3878.40175	6.054999999999836	epochs															maze	279.0
3878.40175	4.144999999999982	epochs															maze_stem	279.0
3878.4215	13.08575000000019	trials	False	True	False	True	False	False	[0.8226425647735596, 0.17735743522644043, 0.24966956675052643, 0.7503304481506348]	0.5729730054736137	-0.0723121240735054	-0.28648649901151657	0.036156065762043	0.24966956675052643	[22703, 22702, 22702, 22702, 22702]	[22738, 22738, 22738, 22737, 22737]		
3882.57225	1.8844999999996617	epochs															maze_arm	279.0
3884.4735	7.014499999999771	epochs															feedback_and_iti	279.0
3884.4735	0.9967499999997926	epochs															feedback_delay	279.0
3885.489	1.9747499999998581	epochs															feedback	279.0
3887.5005	3.987499999999727	epochs															iti	279.0
3891.50725	5.7537499999998545	epochs															maze	280.0
3891.50725	4.082249999999931	epochs															maze_stem	280.0
3891.52775	10.934749999999894	trials	False	True	False	False	False	True	[0.7049006819725037, 0.29509931802749634, 0.49244987964630127, 0.5075501203536987]	0.2124508023262024	-0.19735056161880493	0.1062254011631012	0.09867528080940247	0.7049006819725037	[22781, 22781, 22781, 22781, 22780]	[22815, 22814, 22814, 22814, 22814]		
3895.60725	1.6537499999999454	epochs															maze_arm	280.0
3897.28075	5.162000000000262	epochs															feedback_and_iti	280.0
3897.28075	0.9912500000000364	epochs															feedback_delay	280.0
3898.29	1.9767499999998108	epochs															feedback	280.0
3900.4665	1.9762500000001637	epochs															iti	280.0
3902.4625	6.3344999999999345	epochs															maze	281.0
3902.4625	4.464249999999993	epochs															maze_stem	281.0
3902.484	13.356999999999971	trials	False	True	False	True	False	False	[0.8477920293807983, 0.15220792591571808, 0.47853463888168335, 0.5214653611183167]	0.3692574128508568	-0.3263266906142235	-0.1846286952495575	0.16316333413124084	0.47853463888168335	[22847, 22847, 22846, 22846, 22846]	[22884, 22884, 22883, 22883, 22883]		
3906.9475	1.8494999999998072	epochs															maze_arm	281.0
3908.8135	7.00649999999996	epochs															feedback_and_iti	281.0
3908.8135	0.9957499999995889	epochs															feedback_delay	281.0
3909.8275	1.9692500000001019	epochs															feedback	281.0
3911.83875	3.981250000000273	epochs															iti	281.0
3915.841	6.632500000000164	epochs															maze	282.0
3915.841	4.33199999999988	epochs															maze_stem	282.0
3915.8595	11.83224999999993	trials	True	True	False	True	True	True	[0.7721763253211975, 0.2278236746788025, 0.6201564073562622, 0.3798436224460602]	0.1520199328660965	-0.3923327177762985	0.07600997388362885	-0.19616635143756866	0.3798436224460602	[22927, 22927, 22927, 22926, 22926]	[22966, 22966, 22965, 22965, 22965]		
3920.19225	2.28125	epochs															maze_arm	282.0
3922.4935	5.1772500000001855	epochs															feedback_and_iti	282.0
3922.4935	0.9845000000000255	epochs															feedback_delay	282.0
3923.5025	1.9907499999999345	epochs															feedback	282.0
3925.69725	1.9735000000000582	epochs															iti	282.0
3927.69175	6.947999999999865	epochs															maze	283.0
3927.69175	4.920250000000124	epochs															maze_stem	283.0
3927.712	13.977249999999913	trials	False	True	False	True	False	False	[0.7831326723098755, 0.21686728298664093, 0.5062478184700012, 0.4937521815299988]	0.27688487619161606	-0.2893805131316185	-0.13844242691993713	0.14469024538993835	0.5062478184700012	[22998, 22998, 22998, 22997, 22997]	[23039, 23039, 23038, 23038, 23038]		
3932.63125	2.0084999999999127	epochs															maze_arm	283.0
3934.65675	7.012499999999818	epochs															feedback_and_iti	283.0
3934.65675	1.0032499999997526	epochs															feedback_delay	283.0
3935.68575	1.9612499999998363	epochs															feedback	283.0
3937.683	3.9862499999999272	epochs															iti	283.0
3941.68925	8.116250000000036	epochs															maze	284.0
3941.68925	6.477249999999913	epochs															maze_stem	284.0
3941.70975	13.302250000000186	trials	False	True	False	False	False	True	[0.7249632477760315, 0.2750367522239685, 0.6170975565910339, 0.38290250301361084]	0.10786572098731995	-0.34206077456474304	0.05393284559249878	0.17103040218353271	0.7249632477760315	[23082, 23082, 23082, 23081, 23081]	[23130, 23130, 23129, 23129, 23129]		
3948.18625	1.619249999999738	epochs															maze_arm	284.0
3949.82275	5.169750000000022	epochs															feedback_and_iti	284.0
3949.82275	0.9847500000000764	epochs															feedback_delay	284.0
3950.8255	1.9945000000002437	epochs															feedback	284.0
3953.01925	1.9732500000000073	epochs															iti	284.0
3955.012	8.33849999999984	epochs															maze	285.0
3955.012	5.988499999999931	epochs															maze_stem	285.0
3955.03225	13.51949999999988	trials	False	True	False	False	False	True	[0.861733078956604, 0.13826687633991241, 0.6521556973457336, 0.34784433245658875]	0.20957741886377335	-0.5138887837529182	0.10478869080543518	0.2569443881511688	0.861733078956604	[23162, 23162, 23161, 23161, 23161]	[23211, 23211, 23211, 23210, 23210]		
3961.02125	2.329250000000229	epochs															maze_arm	285.0
3963.368	5.16274999999996	epochs															feedback_and_iti	285.0
3963.368	1.0022500000000036	epochs															feedback_delay	285.0
3964.3925	1.962500000000091	epochs															feedback	285.0
3966.5425	1.98824999999988	epochs															iti	285.0
3968.55175	7.66924999999992	epochs															maze	286.0
3968.55175	5.949999999999818	epochs															maze_stem	286.0
3968.57175	12.878000000000156	trials	False	True	False	False	False	True	[0.9058496356010437, 0.09415039420127869, 0.6171680688858032, 0.382831871509552]	0.2886815220117569	-0.5230177193880081	0.14434078335762024	0.26150885224342346	0.9058496356010437	[23243, 23243, 23243, 23242, 23242]	[23288, 23288, 23288, 23288, 23287]		
3974.5265	1.6945000000000618	epochs															maze_arm	286.0
3976.23825	5.186000000000149	epochs															feedback_and_iti	286.0
3976.23825	0.9902500000002874	epochs															feedback_delay	286.0
3977.24575	1.9902499999998327	epochs															feedback	286.0
3979.432	1.99225000000024	epochs															iti	286.0
3981.44975	7.513499999999567	epochs															maze	287.0
3981.44975	5.357249999999567	epochs															maze_stem	287.0
3981.47425	14.553249999999935	trials	False	True	False	True	False	False	[0.9218498468399048, 0.07815015316009521, 0.601543664932251, 0.3984563946723938]	0.3203062117099762	-0.5233934819698334	-0.1601530909538269	0.2616967558860779	0.601543664932251	[23320, 23320, 23320, 23320, 23320]	[23364, 23364, 23364, 23364, 23364]		
3986.82725	2.1359999999999673	epochs															maze_arm	287.0
3988.9815	7.02350000000024	epochs															feedback_and_iti	287.0
3988.9815	0.9917500000001382	epochs															feedback_delay	287.0
3989.99125	1.9825000000000728	epochs															feedback	287.0
3992.01075	3.994250000000193	epochs															iti	287.0
3996.0275	7.2342499999999745	epochs															maze	288.0
3996.0275	4.883499999999913	epochs															maze_stem	288.0
3996.04775	12.444250000000011	trials	False	True	False	False	False	True	[0.8210298418998718, 0.1789701133966446, 0.6653355360031128, 0.33466440439224243]	0.15569429844617844	-0.4863654300570488	0.07784715294837952	0.2431826889514923	0.8210298418998718	[23408, 23408, 23407, 23407, 23407]	[23450, 23450, 23450, 23450, 23449]		
4000.93625	2.32549999999992	epochs															maze_arm	288.0
4003.279	5.192250000000058	epochs															feedback_and_iti	288.0
4003.279	0.98824999999988	epochs															feedback_delay	288.0
4004.287	1.9727500000003602	epochs															feedback	288.0
4006.479	1.99225000000024	epochs															iti	288.0
4008.492	6.3840000000000146	epochs															maze	289.0
4008.492	4.677499999999782	epochs															maze_stem	289.0
4008.51075	11.603500000000167	trials	False	True	False	True	True	True	[0.9073475003242493, 0.09265250712633133, 0.6636475920677185, 0.3363524377346039]	0.24369991943240166	-0.5709950737655163	0.12184996530413628	-0.2854975275695324	0.3363524377346039	[23483, 23482, 23482, 23482, 23482]	[23520, 23520, 23519, 23519, 23519]		
4013.193	1.6829999999999927	epochs															maze_arm	289.0
4014.8925	5.202499999999873	epochs															feedback_and_iti	289.0
4014.8925	1.0	epochs															feedback_delay	289.0
4015.90975	1.9775000000004184	epochs															feedback	289.0
4018.1265	1.968499999999949	epochs															iti	289.0
4020.11425	5.8224999999997635	epochs															maze	290.0
4020.11425	4.024249999999938	epochs															maze_stem	290.0
4020.1345	11.03774999999996	trials	True	True	False	True	True	True	[0.861274003982544, 0.13872604072093964, 0.452888160943985, 0.5471118092536926]	0.408385805785656	-0.31416215747594833	0.2041928842663765	-0.15708107501268387	0.5471118092536926	[23552, 23552, 23552, 23552, 23551]	[23586, 23586, 23586, 23586, 23585]		
4024.161	1.775749999999789	epochs															maze_arm	290.0
4025.97175	5.1792499999996835	epochs															feedback_and_iti	290.0
4025.97175	0.9819999999999709	epochs															feedback_delay	290.0
4026.97375	1.9915000000000873	epochs															feedback	290.0
4029.16725	1.9837499999998727	epochs															iti	290.0
4031.17225	6.471999999999753	epochs															maze	291.0
4031.17225	4.248749999999745	epochs															maze_stem	291.0
4031.19325	11.664500000000317	trials	True	True	False	True	True	True	[0.8304745554924011, 0.16952545940876007, 0.28753745555877686, 0.7124625444412231]	0.5429370924830437	-0.11801200360059738	0.27146854251623154	-0.05900599807500839	0.7124625444412231	[23619, 23618, 23618, 23618, 23618]	[23656, 23656, 23656, 23656, 23656]		
4035.44075	2.2034999999996217	epochs															maze_arm	291.0
4037.67175	5.164249999999811	epochs															feedback_and_iti	291.0
4037.67175	0.9920000000001892	epochs															feedback_delay	291.0
4038.6885	1.9737499999996544	epochs															feedback	291.0
4040.85275	1.9832499999997708	epochs															iti	291.0
4042.85775	6.093249999999898	epochs															maze	292.0
4042.85775	4.251749999999902	epochs															maze_stem	292.0
4042.879	13.125500000000102	trials	False	True	False	False	True	False	[0.8009185791015625, 0.1990813910961151, 0.21869589388370514, 0.7813041806221008]	0.5822227373719215	-0.01961445063352585	-0.29111139476299286	-0.009807214140892029	0.1990813910961151	[23689, 23688, 23688, 23688, 23688]	[23724, 23724, 23724, 23724, 23723]		
4047.1325	1.8184999999998581	epochs															maze_arm	292.0
4048.968	7.013500000000022	epochs															feedback_and_iti	292.0
4048.968	0.9965000000001965	epochs															feedback_delay	292.0
4049.9825	1.9677499999997963	epochs															feedback	292.0
4051.9895	3.9919999999997344	epochs															iti	292.0
4056.0045	7.592000000000098	epochs															maze	293.0
4056.0045	5.458000000000084	epochs															maze_stem	293.0
4056.02475	12.81399999999985	trials	False	True	False	False	False	True	[0.5480460524559021, 0.4519539177417755, 0.1984352469444275, 0.8015646934509277]	0.3496107906103134	0.25351865589618683	0.1748054027557373	-0.1267593502998352	0.5480460524559021	[23767, 23767, 23767, 23767, 23767]	[23812, 23812, 23812, 23811, 23811]		
4061.48225	2.1142500000000837	epochs															maze_arm	293.0
4063.614	5.201500000000124	epochs															feedback_and_iti	293.0
4063.614	0.9830000000001746	epochs															feedback_delay	293.0
4064.62025	1.9929999999999382	epochs															feedback	293.0
4066.813	2.0025000000000546	epochs															iti	293.0
4068.83875	6.347749999999905	epochs															maze	294.0
4068.83875	4.794499999999971	epochs															maze_stem	294.0
4068.8585	13.39200000000028	trials	False	True	False	True	False	False	[0.7221179604530334, 0.27788206934928894, 0.273974746465683, 0.7260252833366394]	0.44814321398735046	0.003907322883605957	-0.22407160699367523	-0.0019536465406417847	0.273974746465683	[23844, 23844, 23844, 23844, 23844]	[23881, 23881, 23881, 23881, 23881]		
4073.654	1.5324999999998	epochs															maze_arm	294.0
4075.20175	7.026249999999891	epochs															feedback_and_iti	294.0
4075.20175	0.9869999999996253	epochs															feedback_delay	294.0
4076.205	1.9887499999999818	epochs															feedback	294.0
4078.22925	3.9987500000002	epochs															iti	294.0
4082.2505	5.901499999999942	epochs															maze	295.0
4082.2505	3.7702500000000327	epochs															maze_stem	295.0
4082.27	11.111750000000029	trials	False	True	False	False	False	True	[0.6815252304077148, 0.31847473978996277, 0.5280565619468689, 0.4719434678554535]	0.15346869826316833	-0.20958179235458374	0.07673433423042297	0.10479089617729187	0.6815252304077148	[23925, 23925, 23924, 23924, 23924]	[23959, 23959, 23959, 23959, 23958]		
4086.041	2.1109999999998763	epochs															maze_arm	295.0
4088.16925	5.192250000000058	epochs															feedback_and_iti	295.0
4088.16925	0.9855000000002292	epochs															feedback_delay	295.0
4089.1845	1.9912500000000364	epochs															feedback	295.0
4091.37625	1.9852500000001783	epochs															iti	295.0
4093.38175	6.6222499999998945	epochs															maze	296.0
4093.38175	4.659500000000207	epochs															maze_stem	296.0
4093.40175	11.850749999999607	trials	True	True	False	False	False	True	[0.8385756015777588, 0.16142438352108002, 0.5410247445106506, 0.45897525548934937]	0.29755086451768875	-0.37960035353899	0.14877542853355408	0.1898001730442047	0.8385756015777588	[23991, 23991, 23991, 23991, 23991]	[24030, 24030, 24030, 24030, 24029]		
4098.0585	1.9454999999998108	epochs															maze_arm	296.0
4100.024	5.200249999999869	epochs															feedback_and_iti	296.0
4100.024	0.9812499999998181	epochs															feedback_delay	296.0
4101.02525	1.9810000000006767	epochs															feedback	296.0
4103.2355	1.9887500000004366	epochs															iti	296.0
4105.2525	8.025500000000648	epochs															maze	297.0
4105.2525	4.169750000000022	epochs															maze_stem	297.0
4105.27475	13.202500000000327	trials	False	True	False	True	True	True	[0.907541036605835, 0.09245893359184265, 0.5551449060440063, 0.44485506415367126]	0.3523961305618286	-0.4626859724521637	0.1761980652809143	-0.23134300112724304	0.44485506415367126	[24063, 24062, 24062, 24062, 24062]	[24110, 24110, 24109, 24109, 24109]		
4109.443	3.8350000000000364	epochs															maze_arm	297.0
4113.29475	5.1587499999996	epochs															feedback_and_iti	297.0
4113.29475	0.9997499999999491	epochs															feedback_delay	297.0
4114.3105	1.9810000000006767	epochs															feedback	297.0
4116.48375	1.9697499999992942	epochs															iti	297.0
4118.47725	6.164999999999964	epochs															maze	298.0
4118.47725	3.806999999999789	epochs															maze_stem	298.0
4118.4975	11.35674999999992	trials	True	True	False	True	True	True	[0.7980483174324036, 0.20195171236991882, 0.3445809483528137, 0.655419111251831]	0.45346738398075104	-0.1426292210817337	0.22673369944095612	-0.07131458818912506	0.655419111251831	[24142, 24142, 24142, 24141, 24141]	[24178, 24178, 24178, 24177, 24177]		
4122.303	2.3392499999999927	epochs															maze_arm	298.0
4124.66125	5.172499999999673	epochs															feedback_and_iti	298.0
4124.66125	0.9849999999996726	epochs															feedback_delay	298.0
4125.6675	1.9847500000005311	epochs															feedback	298.0
4127.84425	1.9894999999996799	epochs															iti	298.0
4129.85425	8.244499999999789	epochs															maze	299.0
4129.85425	6.458999999999833	epochs															maze_stem	299.0
4129.87625	15.279499999999643	trials	False	True	False	False	True	False	[0.7778313159942627, 0.2221687287092209, 0.2511240243911743, 0.7488759160041809]	0.5267072394490242	-0.02895534783601761	-0.26335359364748	-0.014477677643299103	0.2221687287092209	[24210, 24210, 24210, 24210, 24209]	[24259, 24258, 24258, 24258, 24258]		
4136.33675	1.7619999999997162	epochs															maze_arm	299.0
4138.11475	7.023000000000138	epochs															feedback_and_iti	299.0
4138.11475	0.98700000000008	epochs															feedback_delay	299.0
4139.12175	1.9902499999998327	epochs															feedback	299.0
4141.14975	3.9880000000002838	epochs															iti	299.0
4145.15575	6.591000000000349	epochs															maze	300.0
4145.15575	4.041500000000269	epochs															maze_stem	300.0
4145.17725	11.778250000000298	trials	True	True	False	True	True	True	[0.532522439956665, 0.46747756004333496, 0.20296277105808258, 0.7970372438430786]	0.32955967634916306	0.264514796435833	0.16477984189987183	0.1322574019432068	0.7970372438430786	[24302, 24302, 24302, 24301, 24301]	[24340, 24340, 24340, 24340, 24340]		
4149.2145	2.5322500000002037	epochs															maze_arm	300.0
4151.76525	5.16924999999992	epochs															feedback_and_iti	300.0
4151.76525	0.9979999999995925	epochs															feedback_delay	300.0
4152.783	1.975749999999607	epochs															feedback	300.0
4154.95	1.9845000000004802	epochs															iti	300.0
4156.9555	8.127999999999702	epochs															maze	301.0
4156.9555	4.793249999999716	epochs															maze_stem	301.0
4156.97625	13.31775000000016	trials	False	True	False	True	True	True	[0.5653767585754395, 0.43462321162223816, 0.18555086851119995, 0.8144491314888]	0.3798259049654007	0.2490723580121994	0.18991295993328094	0.1245361715555191	0.8144491314888	[24373, 24372, 24372, 24372, 24372]	[24420, 24420, 24420, 24420, 24420]		
4161.771	3.3125	epochs															maze_arm	301.0
4165.10075	5.172500000000582	epochs															feedback_and_iti	301.0
4165.10075	1.0062500000003638	epochs															feedback_delay	301.0
4166.13275	1.9647500000000946	epochs															feedback	301.0
4168.30525	1.9679999999998472	epochs															iti	301.0
4170.294	6.194250000000466	epochs															maze	302.0
4170.294	4.42975000000024	epochs															maze_stem	302.0
4170.31225	11.373000000000502	trials	True	True	False	True	True	True	[0.5028972625732422, 0.4971027374267578, 0.1507086604833603, 0.8492913842201233]	0.3521886244416237	0.3463940992951393	0.17609432339668274	0.17319706082344055	0.8492913842201233	[24453, 24452, 24452, 24452, 24452]	[24489, 24489, 24488, 24488, 24488]		
4174.7445	1.7437500000005457	epochs															maze_arm	302.0
4176.50675	5.158500000000458	epochs															feedback_and_iti	302.0
4176.50675	0.9930000000003929	epochs															feedback_delay	302.0
4177.5205	1.9710000000004584	epochs															feedback	302.0
4179.691	1.974250000000211	epochs															iti	302.0
4181.68525	7.247499999999491	epochs															maze	303.0
4181.68525	4.669999999999163	epochs															maze_stem	303.0
4181.70525	14.290750000000116	trials	False	True	False	False	True	False	[0.537065327167511, 0.4629346430301666, 0.17364992201328278, 0.8263500332832336]	0.3634153977036476	0.28928471356630325	-0.1817076951265335	0.14464233815670013	0.4629346430301666	[24521, 24521, 24521, 24520, 24520]	[24563, 24563, 24563, 24563, 24563]		
4186.37775	2.555000000000291	epochs															maze_arm	303.0
4188.9525	7.019499999999425	epochs															feedback_and_iti	303.0
4188.9525	0.98174999999992	epochs															feedback_delay	303.0
4189.95575	1.9854999999997744	epochs															feedback	303.0
4191.9815	3.9904999999998836	epochs															iti	303.0
4195.996	7.555000000000291	epochs															maze	304.0
4195.996	5.148000000000138	epochs															maze_stem	304.0
4196.01875	12.736750000000029	trials	False	True	False	True	True	True	[0.4290641248226166, 0.5709359049797058, 0.19239798188209534, 0.8076019883155823]	0.23666611313819885	0.3785378932952881	0.11833304166793823	0.18926894664764404	0.8076019883155823	[24607, 24607, 24606, 24606, 24606]	[24651, 24651, 24651, 24650, 24650]		
4201.1615	2.3895000000002256	epochs															maze_arm	304.0
4203.569	5.164749999999913	epochs															feedback_and_iti	304.0
4203.569	0.996249999999236	epochs															feedback_delay	304.0
4204.58625	1.9727499999999054	epochs															feedback	304.0
4206.75025	1.9835000000002765	epochs															iti	304.0
4208.7555	7.874249999999847	epochs															maze	305.0
4208.7555	4.453249999999571	epochs															maze_stem	305.0
4208.77875	13.064249999999447	trials	False	True	False	True	True	True	[0.4671947658061981, 0.5328052043914795, 0.14606809616088867, 0.8539319038391113]	0.32112668454647064	0.386737123131752	0.16056334972381592	0.1933685541152954	0.8539319038391113	[24683, 24683, 24683, 24683, 24682]	[24730, 24729, 24729, 24729, 24729]		
4213.2285	3.401249999999891	epochs															maze_arm	305.0
4216.652	5.170250000000124	epochs															feedback_and_iti	305.0
4216.652	0.9887499999995271	epochs															feedback_delay	305.0
4217.67	1.9780000000000655	epochs															feedback	305.0
4219.8495	1.9727499999999054	epochs															iti	305.0
4221.843	6.938500000000204	epochs															maze	306.0
4221.843	4.187750000000051	epochs															maze_stem	306.0
4221.8615	13.974250000000211	trials	False	True	False	False	True	False	[0.46941813826560974, 0.5305818319320679, 0.14697161316871643, 0.853028416633606]	0.3224465548992157	0.38361024856567383	-0.16122329235076904	0.19180512428283691	0.5305818319320679	[24762, 24761, 24761, 24761, 24761]	[24802, 24802, 24802, 24802, 24802]		
4226.05275	2.7287500000002183	epochs															maze_arm	306.0
4228.79825	7.016999999999825	epochs															feedback_and_iti	306.0
4228.79825	0.9877500000002328	epochs															feedback_delay	306.0
4229.80425	1.9807499999997162	epochs															feedback	306.0
4231.825	3.9902499999998327	epochs															iti	306.0
4235.83575	8.699499999999716	epochs															maze	307.0
4235.83575	5.862999999999374	epochs															maze_stem	307.0
4235.8565	13.897500000000036	trials	False	True	False	True	True	True	[0.41745010018348694, 0.5825499296188354, 0.1940358728170395, 0.8059641718864441]	0.22341423481702805	0.38851406425237656	0.11170712113380432	0.19425705075263977	0.8059641718864441	[24846, 24845, 24845, 24845, 24845]	[24897, 24897, 24896, 24896, 24896]		
4241.72025	2.8149999999996	epochs															maze_arm	307.0
4244.5525	5.172750000000633	epochs															feedback_and_iti	307.0
4244.5525	0.9957500000000437	epochs															feedback_delay	307.0
4245.5695	1.9827500000001237	epochs															feedback	307.0
4247.767	1.9582500000005894	epochs															iti	307.0
4249.754	7.129249999999956	epochs															maze	308.0
4249.754	5.212999999999738	epochs															maze_stem	308.0
4249.77925	14.155750000000808	trials	False	True	False	True	False	False	[0.44809773564338684, 0.5519022345542908, 0.14275668561458588, 0.8572433590888977]	0.30534108728170395	0.4091455861926079	-0.15267052501440048	-0.20457278937101364	0.14275668561458588	[24929, 24929, 24929, 24928, 24928]	[24971, 24971, 24970, 24970, 24970]		
4254.988	1.895249999999578	epochs															maze_arm	308.0
4256.9	7.01299999999992	epochs															feedback_and_iti	308.0
4256.9	0.9877500000002328	epochs															feedback_delay	308.0
4257.90375	1.9847499999996217	epochs															feedback	308.0
4259.926	3.9869999999991705	epochs															iti	308.0
4263.935	6.914249999999811	epochs															maze	309.0
4263.935	4.468499999999949	epochs															maze_stem	309.0
4263.95875	13.96374999999989	trials	False	True	False	False	True	False	[0.47595977783203125, 0.5240402221679688, 0.3445245027542114, 0.6554755568504333]	0.1314353048801422	0.1795157492160797	-0.0657176673412323	0.08975788950920105	0.5240402221679688	[25014, 25014, 25014, 25013, 25013]	[25055, 25054, 25054, 25054, 25054]		
4268.42325	2.4260000000003856	epochs															maze_arm	309.0
4270.86675	7.025249999999687	epochs															feedback_and_iti	309.0
4270.86675	0.9882499999994252	epochs															feedback_delay	309.0
4271.87275	1.9854999999997744	epochs															feedback	309.0
4273.89725	3.99474999999984	epochs															iti	309.0
4277.9225	7.5330000000003565	epochs															maze	310.0
4277.9225	4.958250000000589	epochs															maze_stem	310.0
4277.94375	12.74224999999933	trials	True	True	False	True	True	True	[0.387295663356781, 0.6127043962478638, 0.25382164120674133, 0.746178388595581]	0.13347400724887848	0.35888274013996124	0.06673699617385864	0.1794413924217224	0.746178388595581	[25098, 25098, 25098, 25097, 25097]	[25142, 25142, 25142, 25142, 25141]		
4282.90075	2.55475000000024	epochs															maze_arm	310.0
4285.47925	5.1857499999996435	epochs															feedback_and_iti	310.0
4285.47925	0.9907499999999345	epochs															feedback_delay	310.0
4286.49775	1.9722499999998035	epochs															feedback	310.0
4288.6725	1.992500000000291	epochs															iti	310.0
4290.686	6.896250000000691	epochs															maze	311.0
4290.686	5.0349999999998545	epochs															maze_stem	311.0
4290.707	13.936499999999796	trials	False	True	False	False	True	False	[0.4840323328971863, 0.515967607498169, 0.23249505460262299, 0.7675049304962158]	0.2515373006463051	0.28347257524728775	-0.12576866149902344	0.14173626899719238	0.515967607498169	[25174, 25174, 25174, 25174, 25174]	[25215, 25215, 25214, 25214, 25214]		
4295.746	1.836250000000291	epochs															maze_arm	311.0
4297.60275	7.0167499999997744	epochs															feedback_and_iti	311.0
4297.60275	0.987250000000131	epochs															feedback_delay	311.0
4298.61875	1.9752500000004147	epochs															feedback	311.0
4300.63525	3.98424999999952	epochs															iti	311.0
4304.6435	7.29175000000032	epochs															maze	312.0
4304.6435	4.911250000000109	epochs															maze_stem	312.0
4304.6665	12.47674999999981	trials	False	True	False	True	True	True	[0.3970574140548706, 0.6029426455497742, 0.21324680745601654, 0.7867531776428223]	0.18381056934595108	0.38969580084085464	0.09190526604652405	0.19484791159629822	0.7867531776428223	[25258, 25258, 25258, 25258, 25257]	[25301, 25301, 25301, 25300, 25300]		
4309.57725	2.3580000000001746	epochs															maze_arm	312.0
4311.95275	5.168749999999818	epochs															feedback_and_iti	312.0
4311.95275	0.994499999999789	epochs															feedback_delay	312.0
4312.971	1.9777500000000146	epochs															feedback	312.0
4315.13775	1.9837500000003274	epochs															iti	312.0
4317.14325	6.473250000000007	epochs															maze	313.0
4317.14325	4.213749999999891	epochs															maze_stem	313.0
4317.16175	11.674250000000029	trials	False	True	False	False	False	True	[0.42194321751594543, 0.578056812286377, 0.1623634696006775, 0.8376365303993225]	0.25957973301410675	0.41569332778453827	0.12978987395763397	-0.20784665644168854	0.42194321751594543	[25333, 25333, 25333, 25332, 25332]	[25371, 25371, 25371, 25370, 25370]		
4321.38075	2.2357499999998254	epochs															maze_arm	313.0
4323.6405	5.168249999999716	epochs															feedback_and_iti	313.0
4323.6405	0.9809999999997672	epochs															feedback_delay	313.0
4324.6405	1.9927499999994325	epochs															feedback	313.0
4326.8165	1.99225000000024	epochs															iti	313.0
4328.836	6.185999999999694	epochs															maze	314.0
4328.836	4.4712499999996	epochs															maze_stem	314.0
4328.86075	13.227249999999913	trials	False	True	False	True	False	False	[0.6782580018043518, 0.3217419981956482, 0.22670060396194458, 0.7732993960380554]	0.4515573978424072	0.09504139423370361	-0.2257786989212036	-0.04752069711685181	0.22670060396194458	[25403, 25403, 25403, 25403, 25402]	[25439, 25439, 25439, 25439, 25439]		
4333.3305	1.6914999999999054	epochs															maze_arm	314.0
4335.039	7.028500000000349	epochs															feedback_and_iti	314.0
4335.039	0.998250000000553	epochs															feedback_delay	314.0
4336.05675	1.9802500000005239	epochs															feedback	314.0
4338.07625	3.9912500000000364	epochs															iti	314.0
4342.088	7.402000000000044	epochs															maze	315.0
4342.088	4.597999999999956	epochs															maze_stem	315.0
4342.10975	14.444000000000415	trials	False	True	False	True	False	False	[0.5694071054458618, 0.4305928945541382, 0.4591415524482727, 0.5408584475517273]	0.11026555299758911	-0.02854865789413452	-0.055132776498794556	0.01427432894706726	0.4591415524482727	[25483, 25482, 25482, 25482, 25482]	[25526, 25526, 25526, 25525, 25525]		
4346.70575	2.7842499999997017	epochs															maze_arm	315.0
4349.5055	7.027000000000044	epochs															feedback_and_iti	315.0
4349.5055	0.9969999999993888	epochs															feedback_delay	315.0
4350.51825	1.9864999999999782	epochs															feedback	315.0
4352.5425	3.990000000000691	epochs															iti	315.0
4356.55375	8.139750000000276	epochs															maze	316.0
4356.55375	6.173749999999927	epochs															maze_stem	316.0
4356.57425	13.329999999999927	trials	False	True	False	False	False	True	[0.6102659106254578, 0.38973402976989746, 0.6088383197784424, 0.3911616802215576]	0.0014276206493377686	-0.21910426020622253	0.0007137954235076904	0.10955211520195007	0.6102659106254578	[25569, 25569, 25569, 25569, 25569]	[25617, 25617, 25617, 25617, 25616]		
4362.74675	1.9467500000000655	epochs															maze_arm	316.0
4364.71	5.171500000000378	epochs															feedback_and_iti	316.0
4364.71	0.9909999999999854	epochs															feedback_delay	316.0
4365.721	1.9820000000008804	epochs															feedback	316.0
4367.906	1.9755000000004657	epochs															iti	316.0
4369.90425	6.570750000000771	epochs															maze	317.0
4369.90425	5.250500000000102	epochs															maze_stem	317.0
4369.92775	11.755750000000262	trials	False	True	False	False	False	True	[0.7952226400375366, 0.2047773152589798, 0.6732439398765564, 0.3267560303211212]	0.12197870761156082	-0.468466617166996	0.06098935008049011	0.2342332899570465	0.7952226400375366	[25649, 25649, 25649, 25649, 25649]	[25688, 25688, 25687, 25687, 25687]		
4375.176	1.2989999999999782	epochs															maze_arm	317.0
4376.4915	5.164749999999913	epochs															feedback_and_iti	317.0
4376.4915	0.9920000000001892	epochs															feedback_delay	317.0
4377.50125	1.9794999999994616	epochs															feedback	317.0
4379.65275	2.0034999999998035	epochs															iti	317.0
4381.6835	7.186499999999796	epochs															maze	318.0
4381.6835	5.278500000000349	epochs															maze_stem	318.0
4381.704	14.23174999999992	trials	False	True	False	False	True	False	[0.8770368099212646, 0.12296324223279953, 0.654636025428772, 0.34536394476890564]	0.2224007435142994	-0.5316728241741657	-0.11120035126805305	-0.2658364064991474	0.12296324223279953	[25720, 25720, 25720, 25719, 25719]	[25762, 25762, 25762, 25762, 25761]		
4386.982	1.88799999999992	epochs															maze_arm	318.0
4388.887	7.0277500000001965	epochs															feedback_and_iti	318.0
4388.887	0.9909999999999854	epochs															feedback_delay	318.0
4389.8955	1.9890000000004875	epochs															feedback	318.0
4391.91875	3.9960000000000946	epochs															iti	318.0
4395.93575	7.7517500000003565	epochs															maze	319.0
4395.93575	5.0017500000003565	epochs															maze_stem	319.0
4395.956	14.791000000000167	trials	True	True	False	False	True	False	[0.6172144412994385, 0.38278552889823914, 0.3576594889163971, 0.6423405408859253]	0.25955498218536377	0.02512606978416443	-0.12977750599384308	0.012563034892082214	0.38278552889823914	[25805, 25805, 25805, 25805, 25805]	[25851, 25851, 25851, 25850, 25850]		
4400.96075	2.726749999999811	epochs															maze_arm	319.0
4403.70925	7.017749999999978	epochs															feedback_and_iti	319.0
4403.70925	0.9977500000004511	epochs															feedback_delay	319.0
4404.7275	1.9707500000004075	epochs															feedback	319.0
4406.736	3.9909999999999854	epochs															iti	319.0
4410.747	7.7902500000000146	epochs															maze	320.0
4410.747	5.025499999999738	epochs															maze_stem	320.0
4410.76675	14.824250000000575	trials	True	True	False	False	True	False	[0.5790933966636658, 0.4209066331386566, 0.42324984073638916, 0.5767501592636108]	0.15584354102611542	-0.002343222498893738	-0.07792176306247711	-0.001171603798866272	0.4209066331386566	[25894, 25894, 25894, 25894, 25893]	[25940, 25940, 25940, 25939, 25939]		
4415.7915	2.7457500000000437	epochs															maze_arm	320.0
4418.558	7.01050000000032	epochs															feedback_and_iti	320.0
4418.558	0.9807499999997162	epochs															feedback_delay	320.0
4419.559	1.9797499999995125	epochs															feedback	320.0
4421.575	3.9935000000004948	epochs															iti	320.0
4425.591	8.846749999999702	epochs															maze	321.0
4425.591	5.819499999999607	epochs															maze_stem	321.0
4425.609	14.025749999999789	trials	False	True	False	True	True	True	[0.5372578501701355, 0.4627421498298645, 0.41133975982666016, 0.5886601805686951]	0.12591806054115295	0.05140236020088196	0.06295901536941528	0.025701165199279785	0.5886601805686951	[25983, 25983, 25983, 25983, 25982]	[26035, 26035, 26035, 26035, 26035]		
4431.434	3.0037499999998545	epochs															maze_arm	321.0
4434.4575	5.153999999999542	epochs															feedback_and_iti	321.0
4434.4575	0.9954999999999927	epochs															feedback_delay	321.0
4435.47875	1.9654999999993379	epochs															feedback	321.0
4437.63775	1.9737500000001091	epochs															iti	321.0
4439.63475	6.8712500000001455	epochs															maze	322.0
4439.63475	4.7167499999995925	epochs															maze_stem	322.0
4439.65825	12.043249999999716	trials	False	True	False	True	True	True	[0.6328732967376709, 0.3671266734600067, 0.32553529739379883, 0.674464762210846]	0.30733804404735565	0.04159142076969147	0.15366904437541962	0.02079571783542633	0.674464762210846	[26067, 26067, 26067, 26067, 26067]	[26108, 26108, 26107, 26107, 26107]		
4444.373	2.1330000000007203	epochs															maze_arm	322.0
4446.523	5.158249999999498	epochs															feedback_and_iti	322.0
4446.523	0.9909999999999854	epochs															feedback_delay	322.0
4447.531	1.979500000000371	epochs															feedback	322.0
4449.71525	1.9659999999994398	epochs															iti	322.0
4451.7015	7.425000000000182	epochs															maze	323.0
4451.7015	6.1414999999997235	epochs															maze_stem	323.0
4451.722	12.622750000000451	trials	False	True	False	True	True	True	[0.6000345349311829, 0.39996543526649475, 0.23736116290092468, 0.7626388669013977]	0.36267340183258057	0.16260430216789246	0.18133671581745148	0.08130215108394623	0.7626388669013977	[26140, 26140, 26139, 26139, 26139]	[26183, 26183, 26183, 26183, 26183]		
4457.8615	1.2650000000003274	epochs															maze_arm	323.0
4459.146	5.177000000000589	epochs															feedback_and_iti	323.0
4459.146	0.9802500000005239	epochs															feedback_delay	323.0
4460.14825	1.9884999999994761	epochs															feedback	323.0
4462.327	1.9960000000000946	epochs															iti	323.0
4464.34475	6.2277500000000146	epochs															maze	324.0
4464.34475	4.408999999999651	epochs															maze_stem	324.0
4464.36475	13.274500000000444	trials	False	True	False	False	True	False	[0.582582414150238, 0.4174175560474396, 0.19718782603740692, 0.8028122186660767]	0.3853946253657341	0.22022976726293564	-0.19269733130931854	0.11011488735675812	0.4174175560474396	[26216, 26215, 26215, 26215, 26215]	[26252, 26252, 26252, 26251, 26251]		
4468.77425	1.7982499999998254	epochs															maze_arm	324.0
4470.58925	7.026749999999993	epochs															feedback_and_iti	324.0
4470.58925	0.9887500000004366	epochs															feedback_delay	324.0
4471.5985	1.981249999999818	epochs															feedback	324.0
4473.62475	3.9912500000000364	epochs															iti	324.0
4477.63925	7.085000000000036	epochs															maze	325.0
4477.63925	4.823749999999563	epochs															maze_stem	325.0
4477.6595	14.150500000000648	trials	False	True	False	False	True	False	[0.46820685267448425, 0.5317931175231934, 0.2075081616640091, 0.7924918532371521]	0.26069871336221695	0.32428497821092606	-0.13034936785697937	0.16214248538017273	0.5317931175231934	[26295, 26295, 26295, 26295, 26295]	[26337, 26337, 26336, 26336, 26336]		
4482.48275	2.2415000000000873	epochs															maze_arm	325.0
4484.7445	7.036750000000211	epochs															feedback_and_iti	325.0
4484.7445	0.9845000000004802	epochs															feedback_delay	325.0
4485.74625	1.9962500000001455	epochs															feedback	325.0
4487.7815	3.999749999999949	epochs															iti	325.0
4491.81	16.79174999999941	epochs															maze	326.0
4491.81	13.73699999999917	epochs															maze_stem	326.0
4491.83025	21.972749999999905	trials	False	True	False	False	False	True	[0.3873578608036041, 0.6126421093940735, 0.2225949615240097, 0.7774050831794739]	0.1647629365324974	0.39004718512296677	0.08238144963979721	-0.19502358883619308	0.3873578608036041	[26380, 26380, 26380, 26380, 26380]	[26480, 26480, 26480, 26479, 26479]		
4505.56475	3.037000000000262	epochs															maze_arm	326.0
4508.62	5.163000000000466	epochs															feedback_and_iti	326.0
4508.62	0.9880000000002838	epochs															feedback_delay	326.0
4509.62725	1.9845000000004802	epochs															feedback	326.0
4511.7875	1.9954999999999927	epochs															iti	326.0
4513.803	7.9337500000001455	epochs															maze	327.0
4513.803	5.742750000000342	epochs															maze_stem	327.0
4513.82475	13.142499999999927	trials	True	True	False	True	True	True	[0.5551610589027405, 0.44483891129493713, 0.3672786355018616, 0.6327213644981384]	0.1878824383020401	0.07756029069423676	0.09394122660160065	0.03878013789653778	0.6327213644981384	[26512, 26512, 26512, 26512, 26511]	[26559, 26559, 26558, 26558, 26558]		
4519.56575	2.1710000000002765	epochs															maze_arm	327.0
4521.7585	5.190000000000509	epochs															feedback_and_iti	327.0
4521.7585	0.9807499999997162	epochs															feedback_delay	327.0
4522.75975	1.9859999999998763	epochs															feedback	327.0
4524.955	1.9935000000004948	epochs															iti	327.0
4526.96725	7.6010000000005675	epochs															maze	328.0
4526.96725	5.869999999999891	epochs															maze_stem	328.0
4526.98775	12.778999999999542	trials	False	True	False	True	True	True	[0.6937534809112549, 0.3062465190887451, 0.381291002035141, 0.6187089681625366]	0.3124624639749527	-0.07504449784755707	0.15623122453689575	-0.03752225637435913	0.6187089681625366	[26591, 26591, 26591, 26590, 26590]	[26636, 26636, 26635, 26635, 26635]		
4532.85775	1.7105000000001382	epochs															maze_arm	328.0
4534.5855	5.162749999999505	epochs															feedback_and_iti	328.0
4534.5855	0.9877500000002328	epochs															feedback_delay	328.0
4535.591	1.99474999999984	epochs															feedback	328.0
4537.77925	1.969000000000051	epochs															iti	328.0
4539.76675	6.687249999999949	epochs															maze	329.0
4539.76675	5.052749999999833	epochs															maze_stem	329.0
4539.7865	13.735749999999825	trials	False	True	False	True	False	False	[0.6313903331756592, 0.36860963702201843, 0.2516804337501526, 0.7483195662498474]	0.3797099143266678	0.11692921817302704	-0.1898549497127533	-0.058464616537094116	0.2516804337501526	[26668, 26668, 26667, 26667, 26667]	[26707, 26707, 26707, 26706, 26706]		
4544.8415	1.6124999999992724	epochs															maze_arm	329.0
4546.47225	7.022750000000087	epochs															feedback_and_iti	329.0
4546.47225	0.9885000000003856	epochs															feedback_delay	329.0
4547.4825	1.9854999999997744	epochs															feedback	329.0
4549.51375	3.981249999999818	epochs															iti	329.0
4553.52225	6.865249999999833	epochs															maze	330.0
4553.52225	4.969750000000204	epochs															maze_stem	330.0
4553.54325	12.042500000000473	trials	False	True	False	True	True	True	[0.6182911992073059, 0.3817088305950165, 0.5048971772193909, 0.49510279297828674]	0.11339399218559265	-0.12318837642669678	0.05669698119163513	-0.06159418821334839	0.49510279297828674	[26750, 26750, 26750, 26750, 26750]	[26791, 26790, 26790, 26790, 26790]		
4558.5095	1.8779999999997017	epochs															maze_arm	330.0
4560.404	5.158499999999549	epochs															feedback_and_iti	330.0
4560.404	0.9967499999993379	epochs															feedback_delay	330.0
4561.41725	1.970749999999498	epochs															feedback	330.0
4563.5805	1.981999999999971	epochs															iti	330.0
4565.58575	8.025249999999687	epochs															maze	331.0
4565.58575	6.2592500000000655	epochs															maze_stem	331.0
4565.609	13.215499999999338	trials	False	True	False	True	True	True	[0.6161753535270691, 0.3838246464729309, 0.34836384654045105, 0.6516361832618713]	0.26781152188777924	0.03546081483364105	0.13390576839447021	0.017730414867401123	0.6516361832618713	[26823, 26822, 26822, 26822, 26822]	[26870, 26870, 26869, 26869, 26869]		
4571.86375	1.7472499999994398	epochs															maze_arm	331.0
4573.6285	5.175000000000182	epochs															feedback_and_iti	331.0
4573.6285	0.9970000000002983	epochs															feedback_delay	331.0
4574.6465	1.9767499999998108	epochs															feedback	331.0
4576.811	1.992500000000291	epochs															iti	331.0
4578.8245	16.207000000000335	epochs															maze	332.0
4578.8245	12.818750000000364	epochs															maze_stem	332.0
4578.84475	23.225999999999658	trials	False	True	False	True	False	False	[0.5858168005943298, 0.41418325901031494, 0.2517646551132202, 0.748235285282135]	0.33405208587646484	0.16241854429244995	-0.1670260727405548	-0.08120927214622498	0.2517646551132202	[26902, 26902, 26902, 26901, 26901]	[26998, 26998, 26998, 26998, 26997]		
4591.6675	3.3640000000004875	epochs															maze_arm	332.0
4595.04825	7.0034999999998035	epochs															feedback_and_iti	332.0
4595.04825	0.9977500000004511	epochs															feedback_delay	332.0
4596.062	1.9677499999997963	epochs															feedback	332.0
4598.06875	3.982999999999265	epochs															iti	332.0
4602.07075	9.50500000000011	epochs															maze	333.0
4602.07075	5.649250000000393	epochs															maze_stem	333.0
4602.0905	14.693749999999454	trials	True	True	False	True	True	True	[0.5899339318275452, 0.41006603837013245, 0.506889820098877, 0.49311020970344543]	0.0830441415309906	-0.09682375192642212	0.041522085666656494	-0.04841187596321106	0.49311020970344543	[27041, 27041, 27041, 27041, 27041]	[27097, 27097, 27097, 27097, 27097]		
4607.7385	3.8372499999995853	epochs															maze_arm	333.0
4611.59975	5.164999999999964	epochs															feedback_and_iti	333.0
4611.59975	0.9917500000001382	epochs															feedback_delay	333.0
4612.61175	1.9722499999998035	epochs															feedback	333.0
4614.79375	1.9710000000004584	epochs															iti	333.0
4616.78425	13.284750000000713	epochs															maze	334.0
4616.78425	10.284500000000662	epochs															maze_stem	334.0
4616.8035	20.334499999999935	trials	True	True	False	True	False	False	[0.5880632400512695, 0.41193675994873047, 0.42911961674690247, 0.5708804130554199]	0.15894363820552826	-0.017182841897010803	-0.07947181165218353	0.008591428399085999	0.42911961674690247	[27130, 27129, 27129, 27129, 27129]	[27208, 27208, 27208, 27208, 27208]		
4627.088	2.9810000000006767	epochs															maze_arm	334.0
4630.08975	7.024999999999636	epochs															feedback_and_iti	334.0
4630.08975	1.0010000000002037	epochs															feedback_delay	334.0
4631.122	1.9567499999993743	epochs															feedback	334.0
4633.11375	4.000999999999294	epochs															iti	334.0
4637.138	8.665250000000015	epochs															maze	335.0
4637.138	6.730999999999767	epochs															maze_stem	335.0
4637.163	13.852250000000822	trials	False	True	False	False	False	True	[0.5606877207756042, 0.43931224942207336, 0.550990641117096, 0.44900935888290405]	0.009697094559669495	-0.11167837679386139	0.00484853982925415	0.0558391809463501	0.5606877207756042	[27252, 27251, 27251, 27251, 27251]	[27303, 27302, 27302, 27302, 27302]		
4643.88825	1.9149999999999636	epochs															maze_arm	335.0
4645.81975	5.172750000000633	epochs															feedback_and_iti	335.0
4645.81975	0.9922500000002401	epochs															feedback_delay	335.0
4646.83125	1.97400000000016	epochs															feedback	335.0
4649.0055	1.98700000000008	epochs															iti	335.0
4651.01525	7.962749999999687	epochs															maze	336.0
4651.01525	6.343249999999898	epochs															maze_stem	336.0
4651.035	15.014500000000226	trials	False	True	False	True	False	False	[0.7545958161354065, 0.2454041689634323, 0.6260043978691101, 0.3739956319332123]	0.12859144061803818	-0.380600206553936	-0.0642957091331482	0.1903001070022583	0.6260043978691101	[27335, 27335, 27334, 27334, 27334]	[27382, 27381, 27381, 27381, 27381]		
4657.3795	1.5985000000000582	epochs															maze_arm	336.0
4658.99525	7.028250000000298	epochs															feedback_and_iti	336.0
4658.99525	0.9965000000001965	epochs															feedback_delay	336.0
4660.00775	1.981999999999971	epochs															feedback	336.0
4662.02825	3.995249999999942	epochs															iti	336.0
4666.0495	7.35149999999976	epochs															maze	337.0
4666.0495	5.679000000000087	epochs															maze_stem	337.0
4666.06825	12.542999999999665	trials	False	True	False	False	False	True	[0.6552792191505432, 0.3447207510471344, 0.6637325882911682, 0.33626747131347656]	-0.008453324437141418	-0.31901179254055023	-0.0042266845703125	0.1595059037208557	0.6552792191505432	[27425, 27425, 27425, 27424, 27424]	[27468, 27468, 27468, 27467, 27467]		
4671.7485	1.6525000000001455	epochs															maze_arm	337.0
4673.4195	5.170250000000124	epochs															feedback_and_iti	337.0
4673.4195	0.9912500000000364	epochs															feedback_delay	337.0
4674.43825	1.9647500000000946	epochs															feedback	337.0
4676.65275	1.9369999999998981	epochs															iti	337.0
4678.61125	7.743500000000495	epochs															maze	338.0
4678.61125	5.844500000000153	epochs															maze_stem	338.0
4678.63175	14.788250000000517	trials	False	True	False	True	False	False	[0.8218569159507751, 0.17814305424690247, 0.7197605967521667, 0.28023940324783325]	0.10209633409976959	-0.5416175276041031	-0.0510481595993042	0.27080875635147095	0.7197605967521667	[27500, 27500, 27500, 27500, 27499]	[27546, 27546, 27545, 27545, 27545]		
4684.47675	1.8780000000006112	epochs															maze_arm	338.0
4686.371	7.0294999999996435	epochs															feedback_and_iti	338.0
4686.371	0.9880000000002838	epochs															feedback_delay	338.0
4687.3785	1.9880000000002838	epochs															feedback	338.0
4689.4035	3.996999999999389	epochs															iti	338.0
4693.42	7.501999999999498	epochs															maze	339.0
4693.42	5.619249999999738	epochs															maze_stem	339.0
4693.44075	14.540750000000116	trials	False	True	False	True	False	False	[0.7142992615699768, 0.2857007384300232, 0.710631251335144, 0.28936880826950073]	0.0036680400371551514	-0.42493048310279846	-0.0018340051174163818	0.21246525645256042	0.710631251335144	[27589, 27589, 27589, 27588, 27588]	[27633, 27633, 27633, 27633, 27632]		
4699.0585	1.8634999999994761	epochs															maze_arm	339.0
4700.94425	7.017250000000786	epochs															feedback_and_iti	339.0
4700.94425	0.9997500000008586	epochs															feedback_delay	339.0
4701.9665	1.9729999999999563	epochs															feedback	339.0
4703.9915	3.9700000000002547	epochs															iti	339.0
4707.9815	5.61449999999968	epochs															maze	340.0
4707.9815	4.107250000000022	epochs															maze_stem	340.0
4708.002	10.782249999999294	trials	False	True	False	False	False	True	[0.7132166028022766, 0.28678345680236816, 0.7360842823982239, 0.26391565799713135]	-0.02286773920059204	-0.4493008852005005	-0.011433839797973633	0.22465044260025024	0.7132166028022766	[27676, 27676, 27676, 27676, 27676]	[27709, 27709, 27709, 27708, 27708]		
4712.108	1.4879999999993743	epochs															maze_arm	340.0
4713.61125	5.152000000000044	epochs															feedback_and_iti	340.0
4713.61125	0.9907499999999345	epochs															feedback_delay	340.0
4714.61775	1.9809999999997672	epochs															feedback	340.0
4716.78975	1.9735000000000582	epochs															iti	340.0
4718.78425	7.116750000000138	epochs															maze	341.0
4718.78425	4.33600000000024	epochs															maze_stem	341.0
4718.80425	14.173499999999876	trials	True	True	False	True	False	False	[0.849724292755127, 0.15027570724487305, 0.781050980091095, 0.21894904971122742]	0.06867332756519318	-0.6307752579450607	-0.03433665633201599	0.31538763642311096	0.781050980091095	[27741, 27741, 27741, 27741, 27740]	[27783, 27783, 27783, 27782, 27782]		
4723.13875	2.762249999999767	epochs															maze_arm	341.0
4725.9275	7.029000000000451	epochs															feedback_and_iti	341.0
4725.9275	0.9920000000001892	epochs															feedback_delay	341.0
4726.93975	1.9880000000002838	epochs															feedback	341.0
4728.96725	3.9892500000005384	epochs															iti	341.0
4732.97775	7.4707500000004075	epochs															maze	342.0
4732.97775	5.235999999999876	epochs															maze_stem	342.0
4732.99825	14.506500000000415	trials	False	True	False	True	False	False	[0.7713527083396912, 0.22864727675914764, 0.7695603370666504, 0.23043963313102722]	0.0017923638224601746	-0.5409130677580833	-0.0008961856365203857	0.2704565227031708	0.7695603370666504	[27826, 27826, 27826, 27826, 27825]	[27870, 27870, 27870, 27869, 27869]		
4738.2345	2.2140000000008513	epochs															maze_arm	342.0
4740.46625	7.0167499999997744	epochs															feedback_and_iti	342.0
4740.46625	0.9949999999998909	epochs															feedback_delay	342.0
4741.47875	1.9809999999997672	epochs															feedback	342.0
4743.502	3.980999999999767	epochs															iti	342.0
4747.50475	8.345250000000306	epochs															maze	343.0
4747.50475	5.847749999999905	epochs															maze_stem	343.0
4747.527	15.376750000000357	trials	False	True	False	True	False	False	[0.7709753513336182, 0.2290247082710266, 0.7768243551254272, 0.22317557036876678]	-0.005849070847034454	-0.547799713909626	0.002924501895904541	0.2738998532295227	0.7768243551254272	[27913, 27913, 27913, 27913, 27913]	[27962, 27962, 27962, 27962, 27962]		
4753.371	2.479000000000269	epochs															maze_arm	343.0
4755.86525	7.018000000000029	epochs															feedback_and_iti	343.0
4755.86525	0.9952499999999418	epochs															feedback_delay	343.0
4756.881	1.9737500000001091	epochs															feedback	343.0
4758.88875	3.994499999999789	epochs															iti	343.0
4762.90375	6.068499999999403	epochs															maze	344.0
4762.90375	4.326249999999163	epochs															maze_stem	344.0
4762.924	11.264750000000276	trials	False	True	False	False	False	True	[0.772692859172821, 0.22730712592601776, 0.7906147837638855, 0.20938518643379211]	-0.01792193204164505	-0.5633076652884483	-0.008960962295532227	0.28165382146835327	0.772692859172821	[28006, 28005, 28005, 28005, 28005]	[28041, 28041, 28041, 28040, 28040]		
4767.25275	1.7195000000001528	epochs															maze_arm	344.0
4768.98875	5.17949999999928	epochs															feedback_and_iti	344.0
4768.98875	0.9867499999991196	epochs															feedback_delay	344.0
4769.99475	1.9887500000004366	epochs															feedback	344.0
4772.18425	1.9839999999994689	epochs															iti	344.0
4774.18875	7.892249999999876	epochs															maze	345.0
4774.18875	5.757249999999658	epochs															maze_stem	345.0
4774.20825	14.945999999999913	trials	False	True	False	True	False	False	[0.8780180215835571, 0.12198192626237869, 0.8250253796577454, 0.17497459053993225]	0.05299265310168266	-0.7030434422194958	-0.026496320962905884	0.35152170062065125	0.8250253796577454	[28073, 28073, 28073, 28073, 28073]	[28120, 28120, 28119, 28119, 28119]		
4779.96775	2.1132500000003347	epochs															maze_arm	345.0
4782.098	7.033999999999651	epochs															feedback_and_iti	345.0
4782.098	0.9984999999996944	epochs															feedback_delay	345.0
4783.114	1.9827500000001237	epochs															feedback	345.0
4785.1315	4.000499999999192	epochs															iti	345.0
4789.15425	10.749250000000757	epochs															maze	346.0
4789.15425	7.5075000000006185	epochs															maze_stem	346.0
4789.17225	15.976250000000618	trials	True	True	False	False	False	True	[0.7914465069770813, 0.2085534930229187, 0.7977175116539001, 0.20228251814842224]	-0.006270989775657654	-0.5891640037298203	-0.003135502338409424	0.2945820093154907	0.7914465069770813	[28163, 28163, 28163, 28162, 28162]	[28227, 28226, 28226, 28226, 28226]		
4796.682	3.2215000000005602	epochs															maze_arm	346.0
4799.9265	5.201750000000175	epochs															feedback_and_iti	346.0
4799.9265	0.998000000000502	epochs															feedback_delay	346.0
4800.94725	1.9729999999999563	epochs															feedback	346.0
4803.13325	1.9949999999998909	epochs															iti	346.0
4805.1485	8.008499999999913	epochs															maze	347.0
4805.1485	5.517499999999927	epochs															maze_stem	347.0
4805.167	13.22674999999981	trials	False	True	False	False	False	True	[0.8845451474189758, 0.11545481532812119, 0.8363844156265259, 0.16361558437347412]	0.048160750418901443	-0.7209295816719532	0.024080365896224976	0.36046478152275085	0.8845451474189758	[28259, 28259, 28259, 28258, 28258]	[28306, 28306, 28306, 28305, 28305]		
4810.69025	2.466750000000502	epochs															maze_arm	347.0
4813.184	5.182749999999942	epochs															feedback_and_iti	347.0
4813.184	0.9949999999998909	epochs															feedback_delay	347.0
4814.19675	1.9822500000000218	epochs															feedback	347.0
4816.3825	1.9842500000004293	epochs															iti	347.0
4818.39375	7.456250000000182	epochs															maze	348.0
4818.39375	5.919750000000022	epochs															maze_stem	348.0
4818.41525	12.644250000000284	trials	False	True	False	False	False	True	[0.9139643311500549, 0.08603563904762268, 0.8319686651229858, 0.16803130507469177]	0.08199566602706909	-0.7459330260753632	0.040997833013534546	0.3729664981365204	0.9139643311500549	[28338, 28338, 28338, 28338, 28338]	[28382, 28382, 28382, 28382, 28381]		
4824.33475	1.5152500000003783	epochs															maze_arm	348.0
4825.867	5.1727499999997235	epochs															feedback_and_iti	348.0
4825.867	0.9917500000001382	epochs															feedback_delay	348.0
4826.8785	1.9769999999998618	epochs															feedback	348.0
4829.061	1.9787500000002183	epochs															iti	348.0
4831.0595	6.786000000000058	epochs															maze	349.0
4831.0595	4.423499999999876	epochs															maze_stem	349.0
4831.079	11.990499999999884	trials	True	True	False	False	False	True	[0.9284952282905579, 0.07150472700595856, 0.8250552415847778, 0.17494475841522217]	0.10344000905752182	-0.7535504922270775	0.051719993352890015	0.37677523493766785	0.9284952282905579	[28414, 28414, 28414, 28414, 28414]	[28454, 28454, 28454, 28453, 28453]		
4835.502	2.343499999999949	epochs															maze_arm	349.0
4837.864	5.185750000000553	epochs															feedback_and_iti	349.0
4837.864	0.9942500000006476	epochs															feedback_delay	349.0
4838.8815	1.975999999999658	epochs															feedback	349.0
4841.06925	1.9805000000005748	epochs															iti	349.0
4843.0695	6.037750000000415	epochs															maze	350.0
4843.0695	4.438000000000102	epochs															maze_stem	350.0
4843.09	11.214750000000095	trials	False	True	False	False	False	True	[0.9433433413505554, 0.05665668100118637, 0.8335018754005432, 0.1664981096982956]	0.10984144732356071	-0.7768452130258083	0.054920732975006104	0.3884226083755493	0.9433433413505554	[28486, 28486, 28486, 28486, 28486]	[28522, 28521, 28521, 28521, 28521]		
4847.529	1.5782499999995707	epochs															maze_arm	350.0
4849.12275	5.1617499999993015	epochs															feedback_and_iti	350.0
4849.12275	0.9934999999995853	epochs															feedback_delay	350.0
4850.13675	1.9842500000004293	epochs															feedback	350.0
4852.30075	1.983749999999418	epochs															iti	350.0
4854.30475	5.973500000000058	epochs															maze	351.0
4854.30475	4.388500000000022	epochs															maze_stem	351.0
4854.325	11.158250000000407	trials	False	True	False	False	False	True	[0.9417886734008789, 0.058211326599121094, 0.8128712177276611, 0.18712879717350006]	0.12891746312379837	-0.7546598836779594	0.06445872783660889	0.37732994556427	0.9417886734008789	[28554, 28553, 28553, 28553, 28553]	[28589, 28588, 28588, 28588, 28588]		
4858.71775	1.560500000000502	epochs															maze_arm	351.0
4860.295	5.161000000000058	epochs															feedback_and_iti	351.0
4860.295	0.9837500000003274	epochs															feedback_delay	351.0
4861.296	1.989249999999629	epochs															feedback	351.0
4863.46975	1.9862499999999272	epochs															iti	351.0
4865.48325	6.444499999999607	epochs															maze	352.0
4865.48325	4.807749999999942	epochs															maze_stem	352.0
4865.50775	11.626750000000357	trials	False	True	False	False	False	True	[0.950273871421814, 0.049726128578186035, 0.8230229616165161, 0.17697706818580627]	0.12725092470645905	-0.7732968181371689	0.06362545490264893	0.38664841651916504	0.950273871421814	[28621, 28620, 28620, 28620, 28620]	[28658, 28658, 28658, 28658, 28658]		
4870.3165	1.6112499999999272	epochs															maze_arm	352.0
4871.94825	5.164499999999862	epochs															feedback_and_iti	352.0
4871.94825	0.988999999999578	epochs															feedback_delay	352.0
4872.95875	1.968499999999949	epochs															feedback	352.0
4875.12825	1.9845000000004802	epochs															iti	352.0
4877.1345	7.432999999999993	epochs															maze	353.0
4877.1345	5.944499999999607	epochs															maze_stem	353.0
4877.15525	12.631000000000313	trials	False	True	False	False	False	True	[0.9532409310340881, 0.04675900936126709, 0.8211553692817688, 0.17884458601474762]	0.13208556920289993	-0.7743963524699211	0.06604278087615967	0.38719815015792847	0.9532409310340881	[28691, 28690, 28690, 28690, 28690]	[28734, 28734, 28734, 28734, 28733]		
4883.101	1.466500000000451	epochs															maze_arm	353.0
4884.585	5.181249999999636	epochs															feedback_and_iti	353.0
4884.585	0.9859999999998763	epochs															feedback_delay	353.0
4885.58925	1.988999999999578	epochs															feedback	353.0
4887.78575	1.9804999999996653	epochs															iti	353.0
4889.78625	5.9797499999995125	epochs															maze	354.0
4889.78625	4.407000000000153	epochs															maze_stem	354.0
4889.806	11.151500000000851	trials	False	True	False	False	False	True	[0.9564217925071716, 0.04357827827334404, 0.8285129070281982, 0.17148707807064056]	0.12790884263813496	-0.7849346715956926	0.0639544427394867	0.39246734976768494	0.9564217925071716	[28766, 28766, 28766, 28766, 28766]	[28801, 28801, 28801, 28801, 28800]		
4894.21275	1.5532499999999345	epochs															maze_arm	354.0
4895.7825	5.1544999999996435	epochs															feedback_and_iti	354.0
4895.7825	1.0009999999992942	epochs															feedback_delay	354.0
4896.81075	1.9572500000003856	epochs															feedback	354.0
4898.95175	1.9852499999997235	epochs															iti	354.0
4900.9575	5.895999999999731	epochs															maze	355.0
4900.9575	4.400749999999789	epochs															maze_stem	355.0
4900.977	12.923499999999876	trials	False	True	False	True	False	False	[0.9590264558792114, 0.04097354784607887, 0.8390552997589111, 0.16094470024108887]	0.11997115425765514	-0.7980817537754774	-0.059985578060150146	0.3990408778190613	0.8390552997589111	[28833, 28833, 28833, 28833, 28833]	[28868, 28868, 28867, 28867, 28867]		
4905.38	1.4735000000000582	epochs															maze_arm	355.0
4906.87	7.010250000000269	epochs															feedback_and_iti	355.0
4906.87	0.9882500000003347	epochs															feedback_delay	355.0
4907.87425	1.9827500000001237	epochs															feedback	355.0
4909.8945	3.9857499999998254	epochs															iti	355.0
4913.9005	6.781750000000102	epochs															maze	356.0
4913.9005	4.4037500000004	epochs															maze_stem	356.0
4913.919	13.812249999999949	trials	False	True	False	True	False	False	[0.8839815258979797, 0.11601845920085907, 0.7620359063148499, 0.23796407878398895]	0.12194561958312988	-0.6460174471139908	-0.06097280979156494	0.3230087161064148	0.7620359063148499	[28911, 28911, 28911, 28910, 28910]	[28951, 28950, 28950, 28950, 28950]		
4918.32225	2.3599999999996726	epochs															maze_arm	356.0
4920.69875	7.011500000000524	epochs															feedback_and_iti	356.0
4920.69875	0.9935000000004948	epochs															feedback_delay	356.0
4921.71475	1.9677499999997963	epochs															feedback	356.0
4923.7395	3.9707500000004075	epochs															iti	356.0
4927.73125	7.094500000000153	epochs															maze	357.0
4927.73125	5.1027500000000146	epochs															maze_stem	357.0
4927.75225	12.278250000000298	trials	False	True	False	False	False	True	[0.8720921277999878, 0.1279079020023346, 0.7782265543937683, 0.2217734456062317]	0.09386555850505829	-0.6503186672925949	0.04693278670310974	0.32515934109687805	0.8720921277999878	[28994, 28994, 28994, 28993, 28993]	[29035, 29035, 29035, 29035, 29035]		
4932.856	1.9697500000002037	epochs															maze_arm	357.0
4934.8425	5.167500000000473	epochs															feedback_and_iti	357.0
4934.8425	0.9997499999999491	epochs															feedback_delay	357.0
4935.85975	1.9807500000006257	epochs															feedback	357.0
4938.017	1.993000000000393	epochs															iti	357.0
4940.0305	6.552000000000589	epochs															maze	358.0
4940.0305	4.974250000000211	epochs															maze_stem	358.0
4940.05125	11.733499999999367	trials	False	True	False	False	False	True	[0.9348602890968323, 0.06513974815607071, 0.7837678790092468, 0.21623210608959198]	0.15109238401055336	-0.7186281569302082	0.07554620504379272	0.35931408405303955	0.9348602890968323	[29068, 29067, 29067, 29067, 29067]	[29106, 29106, 29106, 29105, 29105]		
4945.023	1.5595000000002983	epochs															maze_arm	358.0
4946.601	5.163250000000517	epochs															feedback_and_iti	358.0
4946.601	0.9947500000007494	epochs															feedback_delay	358.0
4947.613	1.9727499999999054	epochs															feedback	358.0
4949.795	1.9692500000001019	epochs															iti	358.0
4951.78475	7.594500000000153	epochs															maze	359.0
4951.78475	5.77350000000024	epochs															maze_stem	359.0
4951.80575	12.786749999999302	trials	False	True	False	False	False	True	[0.9446002244949341, 0.05539984628558159, 0.7545247673988342, 0.24547523260116577]	0.19007542170584202	-0.6991249565035105	0.09503772854804993	0.34956249594688416	0.9446002244949341	[29138, 29138, 29138, 29138, 29137]	[29183, 29183, 29182, 29182, 29182]		
4957.57825	1.8010000000003856	epochs															maze_arm	359.0
4959.3985	5.170749999999316	epochs															feedback_and_iti	359.0
4959.3985	0.9994999999998981	epochs															feedback_delay	359.0
4960.41375	1.9757500000005166	epochs															feedback	359.0
4962.58875	1.9804999999996653	epochs															iti	359.0
4964.5925	6.342500000000655	epochs															maze	360.0
4964.5925	4.9080000000003565	epochs															maze_stem	360.0
4964.613	11.530999999999949	trials	False	True	False	False	False	True	[0.9478204250335693, 0.052179574966430664, 0.754122793674469, 0.24587716162204742]	0.19369760900735855	-0.7019432410597801	0.09684881567955017	0.35097160935401917	0.9478204250335693	[29215, 29215, 29215, 29214, 29214]	[29252, 29252, 29252, 29251, 29251]		
4969.51875	1.4162500000002183	epochs															maze_arm	360.0
4970.953	5.171499999999469	epochs															feedback_and_iti	360.0
4970.953	0.9984999999996944	epochs															feedback_delay	360.0
4971.96875	1.9724999999998545	epochs															feedback	360.0
4974.1445	1.9799999999995634	epochs															iti	360.0
4976.144	6.480499999999665	epochs															maze	361.0
4976.144	4.808250000000044	epochs															maze_stem	361.0
4976.164	11.689000000000306	trials	False	True	False	False	False	True	[0.9524215459823608, 0.04757842794060707, 0.776473343372345, 0.22352668642997742]	0.1759482305496931	-0.7288948874920607	0.08797410130500793	0.3644474446773529	0.9524215459823608	[29284, 29284, 29284, 29284, 29283]	[29322, 29322, 29322, 29321, 29321]		
4980.9705	1.6539999999995416	epochs															maze_arm	361.0
4982.64225	5.190000000000509	epochs															feedback_and_iti	361.0
4982.64225	0.9994999999998981	epochs															feedback_delay	361.0
4983.65975	1.9677499999997963	epochs															feedback	361.0
4985.86025	1.9720000000006621	epochs															iti	361.0
4987.853	6.147750000000087	epochs															maze	362.0
4987.853	4.63274999999976	epochs															maze_stem	362.0
4987.872	13.18249999999989	trials	False	True	False	True	False	False	[0.9558281898498535, 0.04417179152369499, 0.7993430495262146, 0.2006569355726242]	0.15648514218628407	-0.7551712561398745	-0.07824257016181946	0.37758561968803406	0.7993430495262146	[29354, 29354, 29354, 29354, 29354]	[29390, 29390, 29390, 29390, 29389]		
4992.506	1.49474999999984	epochs															maze_arm	362.0
4994.01875	7.014999999999418	epochs															feedback_and_iti	362.0
4994.01875	0.9934999999995853	epochs															feedback_delay	362.0
4995.031	1.9830000000001746	epochs															feedback	362.0
4997.05225	3.981499999999869	epochs															iti	362.0
5001.0545	7.161250000000109	epochs															maze	363.0
5001.0545	4.703749999999673	epochs															maze_stem	363.0
5001.073	12.362499999999272	trials	True	True	False	False	False	True	[0.8795949220657349, 0.12040510773658752, 0.7547499537467957, 0.24525009095668793]	0.1248449757695198	-0.6343448385596275	0.062422484159469604	0.31717243790626526	0.8795949220657349	[29434, 29433, 29433, 29433, 29433]	[29476, 29475, 29475, 29475, 29475]		
5005.7775	2.438250000000153	epochs															maze_arm	363.0
5008.23575	5.171250000000327	epochs															feedback_and_iti	363.0
5008.23575	0.9922500000002401	epochs															feedback_delay	363.0
5009.25125	1.9825000000000728	epochs															feedback	363.0
5011.4195	1.987500000000182	epochs															iti	363.0
5013.4355	5.703000000000429	epochs															maze	364.0
5013.4355	4.114250000000538	epochs															maze_stem	364.0
5013.45825	10.907750000000306	trials	False	True	False	False	False	True	[0.9603453278541565, 0.039654605090618134, 0.8252789378166199, 0.17472109198570251]	0.1350664384663105	-0.7856242842972279	0.06753319501876831	0.3928121328353882	0.9603453278541565	[29508, 29508, 29507, 29507, 29507]	[29541, 29541, 29541, 29540, 29540]		
5017.57025	1.568250000000262	epochs															maze_arm	364.0
5019.15625	5.186249999999745	epochs															feedback_and_iti	364.0
5019.15625	0.9915000000000873	epochs															feedback_delay	364.0
5020.167	1.981499999999869	epochs															feedback	364.0
5022.369	1.9735000000000582	epochs															iti	364.0
5024.366	6.310250000000451	epochs															maze	365.0
5024.366	4.837249999999585	epochs															maze_stem	365.0
5024.38925	11.509000000000015	trials	False	True	False	False	False	True	[0.9529760479927063, 0.04702393338084221, 0.7588678002357483, 0.24113218486309052]	0.19410824961960316	-0.7118438649922609	0.097054123878479	0.3559219241142273	0.9529760479927063	[29573, 29573, 29573, 29573, 29572]	[29610, 29610, 29610, 29610, 29609]		
5029.22125	1.4550000000008367	epochs															maze_arm	365.0
5030.6935	5.184999999999491	epochs															feedback_and_iti	365.0
5030.6935	0.9819999999999709	epochs															feedback_delay	365.0
5031.7	1.9904999999998836	epochs															feedback	365.0
5033.9055	1.9729999999999563	epochs															iti	365.0
5035.89825	6.5974999999998545	epochs															maze	366.0
5035.89825	5.10149999999976	epochs															maze_stem	366.0
5035.924	11.779249999999593	trials	False	True	False	False	False	True	[0.9556549191474915, 0.04434506595134735, 0.782450258731842, 0.21754969656467438]	0.17320464551448822	-0.7381052076816559	0.08660233020782471	0.36905258893966675	0.9556549191474915	[29642, 29642, 29642, 29642, 29642]	[29681, 29681, 29681, 29680, 29680]		
5041.02775	1.4679999999998472	epochs															maze_arm	366.0
5042.511	5.168999999999869	epochs															feedback_and_iti	366.0
5042.511	0.9922499999993306	epochs															feedback_delay	366.0
5043.52025	1.9897500000006403	epochs															feedback	366.0
5045.68875	1.9912500000000364	epochs															iti	366.0
5047.70325	6.177000000000589	epochs															maze	367.0
5047.70325	4.6580000000003565	epochs															maze_stem	367.0
5047.722	11.357250000000022	trials	False	True	False	False	False	True	[0.9581224322319031, 0.0418776273727417, 0.8025687336921692, 0.1974312961101532]	0.1555536836385727	-0.7606911212205887	0.07777684926986694	0.38034558296203613	0.9581224322319031	[29713, 29713, 29713, 29713, 29712]	[29749, 29749, 29749, 29749, 29748]		
5052.386	1.494249999999738	epochs															maze_arm	367.0
5053.8995	5.159249999999702	epochs															feedback_and_iti	367.0
5053.8995	0.996499999999287	epochs															feedback_delay	367.0
5054.9205	1.9722499999998035	epochs															feedback	367.0
5057.0735	1.9852499999997235	epochs															iti	367.0
5059.07925	7.741750000000138	epochs															maze	368.0
5059.07925	5.413250000000517	epochs															maze_stem	368.0
5059.0985	12.94549999999981	trials	True	True	False	False	False	True	[0.9600090384483337, 0.039990924298763275, 0.8235594034194946, 0.17644061148166656]	0.1364496611058712	-0.7835684530436993	0.06822481751441956	0.3917842209339142	0.9600090384483337	[29781, 29781, 29781, 29781, 29781]	[29827, 29827, 29826, 29826, 29826]		
5064.51275	2.3082500000000437	epochs															maze_arm	368.0
5066.84125	5.182999999999993	epochs															feedback_and_iti	368.0
5066.84125	0.9952499999999418	epochs															feedback_delay	368.0
5067.85825	1.981249999999818	epochs															feedback	368.0
5070.02425	2.0	epochs															iti	368.0
5072.044	7.2077500000004875	epochs															maze	369.0
5072.044	4.358000000000175	epochs															maze_stem	369.0
5072.06275	12.386999999999716	trials	True	True	False	True	True	True	[0.9762646555900574, 0.023735294118523598, 0.8935142159461975, 0.10648578405380249]	0.08275046478956938	-0.8697788966819644	0.041375244967639446	-0.43488946091383696	0.10648578405380249	[29859, 29859, 29859, 29859, 29858]	[29901, 29901, 29901, 29901, 29901]		
5076.41975	2.8320000000003347	epochs															maze_arm	369.0
5079.27075	5.158500000000458	epochs															feedback_and_iti	369.0
5079.27075	0.9967500000002474	epochs															feedback_delay	369.0
5080.28875	1.9727499999999054	epochs															feedback	369.0
5082.457	1.9722499999998035	epochs															iti	369.0
5084.44975	7.796500000000378	epochs															maze	370.0
5084.44975	6.074250000000575	epochs															maze_stem	370.0
5084.46875	14.825249999999869	trials	False	True	False	True	False	False	[0.9270671606063843, 0.0729328915476799, 0.6522021293640137, 0.34779784083366394]	0.2748649902641773	-0.579269278794527	-0.1374325156211853	0.289634644985199	0.6522021293640137	[29934, 29933, 29933, 29933, 29933]	[29979, 29979, 29979, 29979, 29979]		
5090.54325	1.7030000000004293	epochs															maze_arm	370.0
5092.267	7.006750000000466	epochs															feedback_and_iti	370.0
5092.267	0.9892500000005384	epochs															feedback_delay	370.0
5093.27275	1.9839999999994689	epochs															feedback	370.0
5095.30375	3.9700000000002547	epochs															iti	370.0
5099.294	6.599500000000262	epochs															maze	371.0
5099.294	4.361750000000029	epochs															maze_stem	371.0
5099.31475	13.638500000000022	trials	False	True	False	True	False	False	[0.8776537775993347, 0.12234616279602051, 0.6782107353210449, 0.3217892646789551]	0.19944307208061218	-0.555864542722702	-0.0997215211391449	0.2779322564601898	0.6782107353210449	[30023, 30022, 30022, 30022, 30022]	[30061, 30061, 30061, 30061, 30060]		
5103.67375	2.2197500000002037	epochs															maze_arm	371.0
5105.911	7.021249999999782	epochs															feedback_and_iti	371.0
5105.911	0.98700000000008	epochs															feedback_delay	371.0
5106.9175	1.9940000000005966	epochs															feedback	371.0
5108.95075	3.981499999999869	epochs															iti	371.0
5112.95325	7.582250000000386	epochs															maze	372.0
5112.95325	5.953750000000582	epochs															maze_stem	372.0
5112.9795	12.784499999999753	trials	False	True	False	False	False	True	[0.8667727112770081, 0.13322730362415314, 0.7386505007743835, 0.26134949922561646]	0.12812220305204391	-0.605423204600811	0.06406110525131226	0.3027116060256958	0.8667727112770081	[30104, 30104, 30104, 30104, 30104]	[30149, 30149, 30149, 30148, 30148]		
5118.932	1.6035000000001673	epochs															maze_arm	372.0
5120.55325	5.188750000000255	epochs															feedback_and_iti	372.0
5120.55325	0.9859999999998763	epochs															feedback_delay	372.0
5121.561	1.985500000000684	epochs															feedback	372.0
5123.764	1.9780000000000655	epochs															iti	372.0
5125.764	6.860999999999876	epochs															maze	373.0
5125.764	5.535249999999905	epochs															maze_stem	373.0
5125.78675	12.047249999999622	trials	False	True	False	False	False	True	[0.9323583245277405, 0.06764162331819534, 0.7367016673088074, 0.26329830288887024]	0.195656668394804	-0.6690600328147411	0.09782832860946655	0.3345299959182739	0.9323583245277405	[30181, 30181, 30181, 30181, 30180]	[30221, 30221, 30221, 30221, 30221]		
5131.3175	1.3074999999998909	epochs															maze_arm	373.0
5132.6415	5.17200000000048	epochs															feedback_and_iti	373.0
5132.6415	0.9985000000006039	epochs															feedback_delay	373.0
5133.6605	1.9667499999995925	epochs															feedback	373.0
5135.837	1.97649999999976	epochs															iti	373.0
5137.834	7.860000000000582	epochs															maze	374.0
5137.834	6.025749999999789	epochs															maze_stem	374.0
5137.855	13.045250000000124	trials	False	True	False	True	True	True	[0.9431397914886475, 0.05686014145612717, 0.6996158361434937, 0.30038416385650635]	0.2435239888727665	-0.6427556611597538	0.12176201120018959	-0.32137784734368324	0.30038416385650635	[30254, 30253, 30253, 30253, 30253]	[30300, 30300, 30299, 30299, 30299]		
5143.87875	1.8152500000005602	epochs															maze_arm	374.0
5145.71125	5.167499999999563	epochs															feedback_and_iti	374.0
5145.71125	0.9859999999998763	epochs															feedback_delay	374.0
5146.7135	1.9904999999998836	epochs															feedback	374.0
5148.889	1.9897499999997308	epochs															iti	374.0
5150.90025	6.991250000000036	epochs															maze	375.0
5150.90025	5.131750000000466	epochs															maze_stem	375.0
5150.91875	12.194000000000415	trials	True	True	False	False	False	True	[0.8923057913780212, 0.10769423097372055, 0.48265257477760315, 0.5173473954200745]	0.409653190523386	-0.3749583698809147	0.20482660830020905	0.1874791830778122	0.8923057913780212	[30332, 30332, 30332, 30331, 30331]	[30373, 30373, 30373, 30372, 30372]		
5156.05075	1.8407499999993888	epochs															maze_arm	375.0
5157.917	5.175499999999374	epochs															feedback_and_iti	375.0
5157.917	0.9837499999994179	epochs															feedback_delay	375.0
5158.92075	1.9897499999997308	epochs															feedback	375.0
5161.10875	1.983749999999418	epochs															iti	375.0
5163.11275	5.535750000000007	epochs															maze	376.0
5163.11275	3.7802499999997963	epochs															maze_stem	376.0
5163.13325	12.58325000000059	trials	False	True	False	True	False	False	[0.9403889775276184, 0.05961103364825249, 0.503649115562439, 0.49635088443756104]	0.436739856377244	-0.4440380875021219	-0.21836993098258972	0.2220190465450287	0.503649115562439	[30405, 30405, 30405, 30405, 30404]	[30437, 30437, 30437, 30437, 30437]		
5166.9125	1.7359999999998763	epochs															maze_arm	376.0
5168.6635	7.024750000000495	epochs															feedback_and_iti	376.0
5168.6635	0.9954999999999927	epochs															feedback_delay	376.0
5169.6785	1.9847499999996217	epochs															feedback	376.0
5171.70225	3.9859999999998763	epochs															iti	376.0
5175.7165	6.11449999999968	epochs															maze	377.0
5175.7165	4.149749999999585	epochs															maze_stem	377.0
5175.73925	11.319250000000466	trials	True	True	False	True	True	True	[0.844153106212616, 0.15584692358970642, 0.6540858149528503, 0.34591418504714966]	0.19006727635860443	-0.4982389062643051	0.09503363072872162	-0.24911944568157196	0.34591418504714966	[30481, 30481, 30480, 30480, 30480]	[30516, 30516, 30516, 30516, 30516]		
5179.885	1.9459999999999127	epochs															maze_arm	377.0
5181.85125	5.179250000000138	epochs															feedback_and_iti	377.0
5181.85125	0.9859999999998763	epochs															feedback_delay	377.0
5182.85775	1.9787500000002183	epochs															feedback	377.0
5185.04625	1.9842499999995198	epochs															iti	377.0
5187.0585	5.986499999999978	epochs															maze	378.0
5187.0585	4.60674999999992	epochs															maze_stem	378.0
5187.082	13.016749999999774	trials	False	True	False	False	True	False	[0.8740350008010864, 0.12596495449543, 0.5449593663215637, 0.4550406336784363]	0.3290756568312645	-0.41899438947439194	-0.16453783959150314	-0.20949720591306686	0.12596495449543	[30549, 30549, 30548, 30548, 30548]	[30584, 30583, 30583, 30583, 30583]		
5191.68575	1.3592500000004293	epochs															maze_arm	378.0
5193.06175	7.0164999999997235	epochs															feedback_and_iti	378.0
5193.06175	0.9895000000005894	epochs															feedback_delay	378.0
5194.06725	1.9804999999996653	epochs															feedback	378.0
5196.083	3.995249999999942	epochs															iti	378.0
5200.09875	6.774249999999483	epochs															maze	379.0
5200.09875	4.785499999999956	epochs															maze_stem	379.0
5200.117	11.988249999999425	trials	True	True	False	False	False	True	[0.628254234790802, 0.371745765209198, 0.2488112598657608, 0.7511887550354004]	0.3794429823756218	0.12293451279401779	0.1897214874625206	-0.0614672526717186	0.628254234790802	[30627, 30627, 30626, 30626, 30626]	[30667, 30666, 30666, 30666, 30666]		
5204.9075	1.9654999999993379	epochs															maze_arm	379.0
5206.89875	5.186749999999847	epochs															feedback_and_iti	379.0
5206.89875	0.9842499999995198	epochs															feedback_delay	379.0
5207.9035	1.9907499999999345	epochs															feedback	379.0
5210.09025	1.9952499999999418	epochs															iti	379.0
5212.10525	5.852000000000771	epochs															maze	380.0
5212.10525	3.8662500000000364	epochs															maze_stem	380.0
5212.12325	11.052500000000691	trials	True	True	False	False	False	True	[0.884121835231781, 0.11587817221879959, 0.5232189893722534, 0.47678104043006897]	0.3609028570353985	-0.40734080597758293	0.1804514229297638	0.2036704123020172	0.884121835231781	[30699, 30699, 30698, 30698, 30698]	[30733, 30733, 30733, 30732, 30732]		
5215.99075	1.966500000000451	epochs															maze_arm	380.0
5217.97575	5.180500000000393	epochs															feedback_and_iti	380.0
5217.97575	0.9935000000004948	epochs															feedback_delay	380.0
5218.99575	1.9752499999995052	epochs															feedback	380.0
5221.187	1.9692500000001019	epochs															iti	380.0
5223.17575	5.820749999999862	epochs															maze	381.0
5223.17575	3.7687499999992724	epochs															maze_stem	381.0
5223.196	11.035249999999905	trials	False	True	False	True	True	True	[0.9164762496948242, 0.08352373540401459, 0.4861503839492798, 0.5138496160507202]	0.43032587319612503	-0.4026266410946846	0.2151629403233528	-0.2013133242726326	0.5138496160507202	[30765, 30765, 30765, 30765, 30764]	[30799, 30799, 30799, 30799, 30798]		
5226.96475	2.031750000000102	epochs															maze_arm	381.0
5229.01825	5.180999999999585	epochs															feedback_and_iti	381.0
5229.01825	0.9847499999996217	epochs															feedback_delay	381.0
5230.0265	1.9774999999999636	epochs															feedback	381.0
5232.20975	1.9894999999996799	epochs															iti	381.0
5234.23125	5.537750000000415	epochs															maze	382.0
5234.23125	3.669499999999971	epochs															maze_stem	382.0
5234.2535	10.729500000000371	trials	False	True	False	False	False	True	[0.8300787210464478, 0.16992124915122986, 0.30569326877593994, 0.6943066716194153]	0.5243854373693466	-0.13577203452587128	0.2621927261352539	0.06788599491119385	0.8300787210464478	[30832, 30831, 30831, 30831, 30831]	[30864, 30864, 30863, 30863, 30863]		
5237.919	1.8500000000003638	epochs															maze_arm	382.0
5239.7885	5.173999999999978	epochs															feedback_and_iti	382.0
5239.7885	0.9850000000005821	epochs															feedback_delay	382.0
5240.791	1.9880000000002838	epochs															feedback	382.0
5242.96475	1.9977499999995416	epochs															iti	382.0
5244.983	5.250500000000102	epochs															maze	383.0
5244.983	3.499499999999898	epochs															maze_stem	383.0
5245.002	12.289749999999913	trials	False	True	False	False	True	False	[0.8688806295394897, 0.13111941516399384, 0.25618404150009155, 0.7438158988952637]	0.612696535885334	-0.1250646784901619	-0.3063482418656349	-0.06253234297037125	0.13111941516399384	[30896, 30896, 30896, 30895, 30895]	[30927, 30926, 30926, 30926, 30926]		
5248.50225	1.7312500000007276	epochs															maze_arm	383.0
5250.25025	7.0219999999999345	epochs															feedback_and_iti	383.0
5250.25025	0.9912500000000364	epochs															feedback_delay	383.0
5251.25875	1.9837500000003274	epochs															feedback	383.0
5253.28575	3.986499999999978	epochs															iti	383.0
5257.29175	5.679749999999331	epochs															maze	384.0
5257.29175	3.8594999999995707	epochs															maze_stem	384.0
5257.31175	10.863500000000386	trials	False	True	False	True	True	True	[0.594460129737854, 0.405539870262146, 0.2161775678396225, 0.7838224172592163]	0.3782825544476509	0.1893622949719429	0.18914127349853516	0.09468114376068115	0.7838224172592163	[30970, 30970, 30969, 30969, 30969]	[31003, 31003, 31003, 31002, 31002]		
5261.17	1.801499999999578	epochs															maze_arm	384.0
5262.9895	5.16675000000032	epochs															feedback_and_iti	384.0
5262.9895	0.9825000000000728	epochs															feedback_delay	384.0
5263.99725	1.98700000000008	epochs															feedback	384.0
5266.1785	1.9777500000000146	epochs															iti	384.0
5268.17525	5.25	epochs															maze	385.0
5268.17525	3.4782500000001164	epochs															maze_stem	385.0
5268.1965	10.417250000000422	trials	False	True	False	True	True	True	[0.6478602886199951, 0.3521396517753601, 0.16957272589206696, 0.8304272294044495]	0.47828757017850876	0.18256693333387375	0.23914378881454468	0.09128344058990479	0.8304272294044495	[31035, 31035, 31035, 31034, 31034]	[31066, 31065, 31065, 31065, 31065]		
5271.672	1.7532500000006621	epochs															maze_arm	385.0
5273.44275	5.1489999999994325	epochs															feedback_and_iti	385.0
5273.44275	0.9897499999997308	epochs															feedback_delay	385.0
5274.45125	1.9777500000000146	epochs															feedback	385.0
5276.6015	1.9902499999998327	epochs															iti	385.0
5278.61375	5.6047499999995125	epochs															maze	386.0
5278.61375	3.9512499999991633	epochs															maze_stem	386.0
5278.63525	10.788499999999658	trials	False	True	False	False	False	True	[0.6423027515411377, 0.3576972484588623, 0.16291509568691254, 0.837084949016571]	0.47938767820596695	0.19478217512369156	0.23969382792711258	-0.09739107638597488	0.6423027515411377	[31098, 31097, 31097, 31097, 31097]	[31130, 31130, 31130, 31130, 31129]		
5282.586	1.632499999999709	epochs															maze_arm	386.0
5284.235	5.1637500000006185	epochs															feedback_and_iti	386.0
5284.235	0.9877500000002328	epochs															feedback_delay	386.0
5285.24075	1.9827500000001237	epochs															feedback	386.0
5287.417	1.98174999999992	epochs															iti	386.0
5289.42375	5.253249999999753	epochs															maze	387.0
5289.42375	3.617000000000189	epochs															maze_stem	387.0
5289.44425	10.48975000000064	trials	False	True	False	False	False	True	[0.780824601650238, 0.21917544305324554, 0.19230306148529053, 0.8076969385147095]	0.5885215178132057	0.026872359216213226	0.29426077008247375	-0.013436168432235718	0.780824601650238	[31162, 31162, 31162, 31162, 31162]	[31193, 31193, 31193, 31192, 31192]		
5293.06025	1.6167499999992287	epochs															maze_arm	387.0
5294.694	5.220749999999498	epochs															feedback_and_iti	387.0
5294.694	0.9954999999999927	epochs															feedback_delay	387.0
5295.70675	1.987250000000131	epochs															feedback	387.0
5297.9495	1.9652500000001965	epochs															iti	387.0
5299.934	15.71075000000019	epochs															maze	388.0
5299.934	3.8152499999996508	epochs															maze_stem	388.0
5299.9535	20.904500000000553	trials	True	True	False	True	True	True	[0.8194389343261719, 0.18056106567382812, 0.1908392757177353, 0.8091607093811035]	0.628599651157856	-0.010278217494487762	0.3142998218536377	-0.00513911247253418	0.8091607093811035	[31225, 31225, 31225, 31225, 31225]	[31319, 31319, 31318, 31318, 31318]		
5303.7735	11.871250000000146	epochs															maze_arm	388.0
5315.66525	5.169499999999971	epochs															feedback_and_iti	388.0
5315.66525	0.9922500000002401	epochs															feedback_delay	388.0
5316.67625	1.9712499999995998	epochs															feedback	388.0
5318.83825	1.9965000000001965	epochs															iti	388.0
5320.858	12.275749999999789	epochs															maze	389.0
5320.858	10.457749999999578	epochs															maze_stem	389.0
5320.8765	17.448749999999563	trials	True	True	False	True	True	True	[0.7941798567771912, 0.20582015812397003, 0.18370310962200165, 0.8162968754768372]	0.6104767322540283	0.02211703360080719	0.30523835867643356	0.011058516800403595	0.8162968754768372	[31351, 31351, 31351, 31350, 31350]	[31424, 31423, 31423, 31423, 31423]		
5331.33525	1.7984999999998763	epochs															maze_arm	389.0
5333.154	5.151499999999942	epochs															feedback_and_iti	389.0
5333.154	0.9809999999997672	epochs															feedback_delay	389.0
5334.15825	1.975749999999607	epochs															feedback	389.0
5336.32375	1.9817500000008295	epochs															iti	389.0
5338.32525	6.381750000000466	epochs															maze	390.0
5338.32525	4.2352499999997235	epochs															maze_stem	390.0
5338.345	13.405249999999796	trials	False	True	False	False	True	False	[0.783211886882782, 0.21678808331489563, 0.1694384515285492, 0.8305615782737732]	0.6137734651565552	0.04734966158866882	-0.3068867474794388	0.02367483079433441	0.21678808331489563	[31456, 31455, 31455, 31455, 31455]	[31493, 31493, 31493, 31492, 31492]		
5342.57875	2.128250000000662	epochs															maze_arm	390.0
5344.72225	7.006500000000415	epochs															feedback_and_iti	390.0
5344.72225	0.9985000000006039	epochs															feedback_delay	390.0
5345.7385	1.970499999999447	epochs															feedback	390.0
5347.74375	3.985000000000582	epochs															iti	390.0
5351.75025	6.323999999999614	epochs															maze	391.0
5351.75025	4.332000000000335	epochs															maze_stem	391.0
5351.769	11.506999999999607	trials	False	True	False	False	False	True	[0.5434825420379639, 0.45651745796203613, 0.18973493576049805, 0.810265064239502]	0.3537476062774658	0.2667825222015381	0.1768738031387329	-0.13339126110076904	0.5434825420379639	[31536, 31536, 31536, 31536, 31535]	[31573, 31573, 31573, 31572, 31572]		
5356.10175	1.9724999999998545	epochs															maze_arm	391.0
5358.09325	5.163749999999709	epochs															feedback_and_iti	391.0
5358.09325	0.9970000000002983	epochs															feedback_delay	391.0
5359.1075	1.968499999999949	epochs															feedback	391.0
5361.27725	1.9797499999995125	epochs															iti	391.0
5363.276	6.921750000000429	epochs															maze	392.0
5363.276	4.886500000000524	epochs															maze_stem	392.0
5363.29575	13.964750000000095	trials	False	True	False	True	False	False	[0.7061439752578735, 0.2938559651374817, 0.2150631546974182, 0.7849368453025818]	0.4910808503627777	0.07879284024238586	-0.24554041028022766	-0.039396435022354126	0.2150631546974182	[31605, 31605, 31605, 31605, 31604]	[31646, 31646, 31645, 31645, 31645]		
5368.18875	2.0090000000000146	epochs															maze_arm	392.0
5370.2165	7.02324999999928	epochs															feedback_and_iti	392.0
5370.2165	0.9984999999996944	epochs															feedback_delay	392.0
5371.2325	1.9719999999997526	epochs															feedback	392.0
5373.247	3.9927499999994325	epochs															iti	392.0
5377.2605	7.078249999999571	epochs															maze	393.0
5377.2605	4.994499999999789	epochs															maze_stem	393.0
5377.279	12.258749999999964	trials	False	True	False	True	True	True	[0.658269464969635, 0.3417305648326874, 0.4692032039165497, 0.5307968258857727]	0.18906626105308533	-0.1274726390838623	0.09453313052654266	-0.06373630464076996	0.5307968258857727	[31689, 31689, 31689, 31688, 31688]	[31731, 31730, 31730, 31730, 31730]		
5382.27975	2.0590000000001965	epochs															maze_arm	393.0
5384.35625	5.1597499999998035	epochs															feedback_and_iti	393.0
5384.35625	0.9882500000003347	epochs															feedback_delay	393.0
5385.3655	1.9790000000002692	epochs															feedback	393.0
5387.5375	1.9784999999992579	epochs															iti	393.0
5389.53775	5.774499999999534	epochs															maze	394.0
5389.53775	4.096499999999651	epochs															maze_stem	394.0
5389.55875	12.81775000000016	trials	False	True	False	False	True	False	[0.7153465151786804, 0.28465354442596436, 0.3444420397281647, 0.6555579304695129]	0.37090443074703217	-0.0597885400056839	-0.1854521930217743	-0.029894262552261353	0.28465354442596436	[31763, 31762, 31762, 31762, 31762]	[31796, 31796, 31796, 31796, 31796]		
5393.654	1.658249999999498	epochs															maze_arm	394.0
5395.3275	7.029749999999694	epochs															feedback_and_iti	394.0
5395.3275	0.9882499999994252	epochs															feedback_delay	394.0
5396.33325	1.9877500000002328	epochs															feedback	394.0
5398.36425	3.993000000000393	epochs															iti	394.0
5402.3765	7.161250000000109	epochs															maze	395.0
5402.3765	5.265749999999571	epochs															maze_stem	395.0
5402.39675	14.194999999999709	trials	False	True	False	True	False	False	[0.5300774574279785, 0.46992260217666626, 0.23265016078948975, 0.7673498392105103]	0.2974272668361664	0.23727241158485413	-0.14871364831924438	-0.11863619089126587	0.23265016078948975	[31840, 31839, 31839, 31839, 31839]	[31882, 31881, 31881, 31881, 31881]		
5407.66225	1.8755000000001019	epochs															maze_arm	395.0
5409.55625	7.015250000000378	epochs															feedback_and_iti	395.0
5409.55625	0.9842500000004293	epochs															feedback_delay	395.0
5410.55825	1.9877500000002328	epochs															feedback	395.0
5412.58625	3.9852499999997235	epochs															iti	395.0
5416.59175	8.004249999999956	epochs															maze	396.0
5416.59175	5.835500000000138	epochs															maze_stem	396.0
5416.611	11.019500000000335	trials	False	True	False	True	False	False	[0.5681976079940796, 0.4318023920059204, 0.4710598587989807, 0.5289401412010193]	0.09713774919509888	-0.0392574667930603	-0.04856887459754944	0.01962873339653015	0.4710598587989807	[31925, 31925, 31924, 31924, 31924]	[31972, 31972, 31972, 31971, 31971]		
5422.44675	2.1492499999994834	epochs															maze_arm	396.0
5424.61325	3.0172499999998763	epochs															feedback_and_iti	396.0
5424.61325	0.9954999999999927	epochs															feedback_delay	396.0
5425.6255	1.9835000000002765	epochs															feedback	396.0
